400
0.00717757 0.0
0.00427400 0.0
0.00243051 0.0
0.00330203 0.0
0.00523278 0.0
0.00456172 0.0
0.00908239 0.0
0.00362889 0.0
0.00298738 0.0
0.00335578 0.0
0.00506542 0.0
0.00713127 0.0
0.00645298 0.0
0.00661037 0.0
0.00953740 0.0
0.00706641 0.0
0.00473520 0.0
0.00569885 0.0
0.00976918 0.0
0.00567752 0.0
0.00841476 0.0
0.00563317 0.0
0.00787264 0.0
0.00479753 0.0
0.00368439 0.0
0.00908065 0.0
0.00843104 0.0
0.00266072 0.0
0.00880534 0.0
0.00835220 0.0
0.00403860 0.0
0.00598291 0.0
0.00262620 0.0
0.00446910 0.0
0.00728494 0.0
0.00585898 0.0
0.00703083 0.0
0.00636733 0.0
0.00748787 0.0
0.00801821 0.0
0.00772311 0.0
0.00255329 0.0
0.00514948 0.0
0.00417610 0.0
0.00716367 0.0
0.00468688 0.0
0.00924251 0.0
0.00989887 0.0
0.00838573 0.0
0.00901169 0.0
0.00557639 0.0
0.00680049 0.0
0.00464486 0.0
0.00344903 0.0
0.00959802 0.0
0.00632925 0.0
0.00252968 0.0
0.00802906 0.0
0.00698997 0.0
0.00933502 0.0
0.00638126 0.0
0.00902857 0.0
0.00531793 0.0
0.00700746 0.0
0.00349767 0.0
0.00260287 0.0
0.00286644 0.0
0.00852850 0.0
0.00697020 0.0
0.00835431 0.0
0.00654671 0.0
0.00469332 0.0
0.00890761 0.0
0.00969619 0.0
0.00686941 0.0
0.00607127 0.0
0.00438306 0.0
0.00611192 0.0
0.00597015 0.0
0.00276879 0.0
0.00512361 0.0
0.00954653 0.0
0.00756928 0.0
0.00776846 0.0
0.00299556 0.0
0.00716730 0.0
0.00409772 0.0
0.00352525 0.0
0.00519636 0.0
0.00908769 0.0
0.00286027 0.0
0.00957762 0.0
0.00811626 0.0
0.00617820 0.0
0.00658508 0.0
0.00961393 0.0
0.00678107 0.0
0.00745152 0.0
0.00814243 0.0
0.00375127 0.0
0.00580583 0.0
0.00468913 0.0
0.00644459 0.0
0.00471344 0.0
0.00438532 0.0
0.00331401 0.0
0.00878471 0.0
0.00676839 0.0
0.00742592 0.0
0.00475486 0.0
0.00753718 0.0
0.00254953 0.0
0.00430139 0.0
0.00510645 0.0
0.00831799 0.0
0.00529695 0.0
0.00227375 0.0
0.00241571 0.0
0.00682220 0.0
0.00547011 0.0
0.00950340 0.0
0.00768247 0.0
0.00504772 0.0
0.00761966 0.0
0.00386067 0.0
0.00963281 0.0
0.00723359 0.0
0.00864174 0.0
0.00708433 0.0
0.00537602 0.0
0.00239301 0.0
0.00289016 0.0
0.00806515 0.0
0.00683760 0.0
0.00560360 0.0
0.00245047 0.0
0.00815161 0.0
0.00438831 0.0
0.00721886 0.0
0.00557753 0.0
0.00714316 0.0
0.00475604 0.0
0.00612706 0.0
0.00944455 0.0
0.00786249 0.0
0.00444506 0.0
0.00474151 0.0
0.00813623 0.0
0.00486077 0.0
0.00956370 0.0
0.00360634 0.0
0.00436417 0.0
0.00724617 0.0
0.00665407 0.0
0.00998383 0.0
0.00910684 0.0
0.00628687 0.0
0.00721742 0.0
0.00774857 0.0
0.00337120 0.0
0.00259343 0.0
0.00814158 0.0
0.00426136 0.0
0.00865859 0.0
0.00497919 0.0
0.00786495 0.0
0.00910906 0.0
0.00313079 0.0
0.00225326 0.0
0.00632792 0.0
0.00670833 0.0
0.00739643 0.0
0.00908396 0.0
0.00283539 0.0
0.00684098 0.0
0.00694644 0.0
0.00528044 0.0
0.00958248 0.0
0.00508268 0.0
0.00814121 0.0
0.00914619 0.0
0.00668902 0.0
0.00250538 0.0
0.00639236 0.0
0.00334309 0.0
0.00248921 0.0
0.00549919 0.0
0.00762996 0.0
0.00770662 0.0
0.00324777 0.0
0.00900115 0.0
0.00830006 0.0
0.00938935 0.0
0.00326251 0.0
0.00695864 0.0
0.00436853 0.0
0.00912746 0.0
0.00606770 0.0
0.00549933 0.0
0.00938073 0.0
0.00239563 0.0
0.00220765 0.0
0.00677715 0.0
0.00947958 0.0
0.00304304 0.0
0.00361813 0.0
0.00642603 0.0
0.00632348 0.0
0.00320061 0.0
0.00950871 0.0
0.00446470 0.0
0.00234680 0.0
0.00619773 0.0
0.00497008 0.0
0.00673916 0.0
0.00754081 0.0
0.00545928 0.0
0.00223835 0.0
0.00517077 0.0
0.00316591 0.0
0.00348612 0.0
0.00417192 0.0
0.00946596 0.0
0.00287547 0.0
0.00543443 0.0
0.00642460 0.0
0.00524400 0.0
0.00456190 0.0
0.00249231 0.0
0.00874333 0.0
0.00394262 0.0
0.00288794 0.0
0.00895098 0.0
0.00871978 0.0
0.00236752 0.0
0.00999402 0.0
0.00233791 0.0
0.00679355 0.0
0.00631751 0.0
0.00353852 0.0
0.00630225 0.0
0.00878220 0.0
0.00388532 0.0
0.00249998 0.0
0.00375228 0.0
0.00862448 0.0
0.00804079 0.0
0.00721156 0.0
0.00886283 0.0
0.00321156 0.0
0.00837747 0.0
0.00234895 0.0
0.00538348 0.0
0.00784343 0.0
0.00322441 0.0
0.00881791 0.0
0.00426803 0.0
0.00646842 0.0
0.00337981 0.0
0.00476034 0.0
0.00521174 0.0
0.00532244 0.0
0.00564828 0.0
0.00416273 0.0
0.00404221 0.0
0.00601580 0.0
0.00415675 0.0
0.00438012 0.0
0.00280934 0.0
0.00847426 0.0
0.00591864 0.0
0.00711160 0.0
0.00725646 0.0
0.00780396 0.0
0.00761157 0.0
0.00900874 0.0
0.00642844 0.0
0.00565236 0.0
0.00622030 0.0
0.00529127 0.0
0.00686391 0.0
0.00459777 0.0
0.00564022 0.0
0.00224739 0.0
0.00244120 0.0
0.00686464 0.0
0.00906530 0.0
0.00470924 0.0
0.00333305 0.0
0.00244511 0.0
0.00746958 0.0
0.00654480 0.0
0.00576755 0.0
0.00311786 0.0
0.00870752 0.0
0.00780976 0.0
0.00713366 0.0
0.00286427 0.0
0.00218988 0.0
0.00794301 0.0
0.00933853 0.0
0.00610852 0.0
0.00505460 0.0
0.00659499 0.0
0.00391248 0.0
0.00266617 0.0
0.00560373 0.0
0.00834092 0.0
0.00631853 0.0
0.00982403 0.0
0.00363219 0.0
0.00318244 0.0
0.00442181 0.0
0.00727241 0.0
0.00342984 0.0
0.00486301 0.0
0.00413705 0.0
0.00249514 0.0
0.00757225 0.0
0.00547010 0.0
0.00294025 0.0
0.00504183 0.0
0.00201489 0.0
0.00670780 0.0
0.00615969 0.0
0.00872241 0.0
0.00451757 0.0
0.00329336 0.0
0.00958668 0.0
0.00470745 0.0
0.00923636 0.0
0.00892521 0.0
0.00881596 0.0
0.00429096 0.0
0.00552020 0.0
0.00272844 0.0
0.00495713 0.0
0.00912393 0.0
0.00906936 0.0
0.00927566 0.0
0.00894796 0.0
0.00270155 0.0
0.00245811 0.0
0.00336976 0.0
0.00797396 0.0
0.00388794 0.0
0.00623277 0.0
0.00211101 0.0
0.00438308 0.0
0.00380502 0.0
0.00558110 0.0
0.00532333 0.0
0.00684685 0.0
0.00559599 0.0
0.00203114 0.0
0.00300655 0.0
0.00431841 0.0
0.00454870 0.0
0.00429990 0.0
0.00390509 0.0
0.00725615 0.0
0.00353626 0.0
0.00283030 0.0
0.00607211 0.0
0.00582723 0.0
0.00635050 0.0
0.00680056 0.0
0.00878436 0.0
0.00547443 0.0
0.00586992 0.0
0.00806002 0.0
0.00442238 0.0
0.00657147 0.0
0.00851813 0.0
0.00579214 0.0
0.00454543 0.0
0.00240608 0.0
0.00202491 0.0
0.00465644 0.0
0.00478916 0.0
0.00382993 0.0
0.00823754 0.0
0.00811249 0.0
0.00867679 0.0
0.00383354 0.0
0.00814363 0.0
0.00968333 0.0
0.00615194 0.0
0.00269233 0.0
0.00398323 0.0
0.00805703 0.0
0.00794848 0.0
0.00551950 0.0
0.00888734 0.0
0.00402060 0.0
0.00934672 0.0
0.00523784 0.0
0.00882115 0.0
0.00813108 0.0
0.00871226 0.0
