400
0.00796249 0.0
0.00730872 0.0
0.00579015 0.0
0.00752509 0.0
0.00316855 0.0
0.00507886 0.0
0.00495236 0.0
0.00835850 0.0
0.00361166 0.0
0.00244747 0.0
0.00463505 0.0
0.00276132 0.0
0.00611687 0.0
0.00363836 0.0
0.00993778 0.0
0.00811494 0.0
0.00865116 0.0
0.00446308 0.0
0.00393843 0.0
0.00844936 0.0
0.00404841 0.0
0.00944563 0.0
0.00607332 0.0
0.00529139 0.0
0.00682075 0.0
0.00711030 0.0
0.00563089 0.0
0.00776274 0.0
0.00695201 0.0
0.00386817 0.0
0.00957699 0.0
0.00491450 0.0
0.00917689 0.0
0.00536713 0.0
0.00243959 0.0
0.00234544 0.0
0.00844599 0.0
0.00539195 0.0
0.00870393 0.0
0.00205765 0.0
0.00583941 0.0
0.00333899 0.0
0.00281896 0.0
0.00995628 0.0
0.00497735 0.0
0.00275675 0.0
0.00807123 0.0
0.00362851 0.0
0.00521982 0.0
0.00200965 0.0
0.00207786 0.0
0.00726823 0.0
0.00945528 0.0
0.00615118 0.0
0.00255962 0.0
0.00627602 0.0
0.00326148 0.0
0.00619051 0.0
0.00403877 0.0
0.00821350 0.0
0.00805868 0.0
0.00361576 0.0
0.00312799 0.0
0.00723556 0.0
0.00698289 0.0
0.00356758 0.0
0.00758100 0.0
0.00542888 0.0
0.00695953 0.0
0.00628493 0.0
0.00548653 0.0
0.00279894 0.0
0.00762392 0.0
0.00630549 0.0
0.00275523 0.0
0.00260127 0.0
0.00706224 0.0
0.00882645 0.0
0.00422977 0.0
0.00228206 0.0
0.00883611 0.0
0.00430763 0.0
0.00755029 0.0
0.00829138 0.0
0.00845882 0.0
0.00810991 0.0
0.00456741 0.0
0.00972030 0.0
0.00430042 0.0
0.00660617 0.0
0.00793380 0.0
0.00235910 0.0
0.00822193 0.0
0.00906179 0.0
0.00759466 0.0
0.00520482 0.0
0.00262937 0.0
0.00517566 0.0
0.00863370 0.0
0.00758890 0.0
0.00946060 0.0
0.00412022 0.0
0.00838785 0.0
0.00708452 0.0
0.00842571 0.0
0.00914308 0.0
0.00768578 0.0
0.00548795 0.0
0.00796953 0.0
0.00991556 0.0
0.00577001 0.0
0.00680564 0.0
0.00422319 0.0
0.00332030 0.0
0.00509702 0.0
0.00268201 0.0
0.00943021 0.0
0.00766443 0.0
0.00240231 0.0
0.00373063 0.0
0.00427060 0.0
0.00833610 0.0
0.00408973 0.0
0.00249253 0.0
0.00739789 0.0
0.00968439 0.0
0.00569735 0.0
0.00802726 0.0
0.00486006 0.0
0.00433104 0.0
0.00561617 0.0
0.00432065 0.0
0.00645127 0.0
0.00400402 0.0
0.00940517 0.0
0.00487698 0.0
0.00314710 0.0
0.00709095 0.0
0.00836493 0.0
0.00911663 0.0
0.00700651 0.0
0.00413494 0.0
0.00592226 0.0
0.00922970 0.0
0.00545524 0.0
0.00901928 0.0
0.00991171 0.0
0.00488545 0.0
0.00668371 0.0
0.00231401 0.0
0.00661608 0.0
0.00895431 0.0
0.00865012 0.0
0.00870582 0.0
0.00944684 0.0
0.00604801 0.0
0.00839021 0.0
0.00514418 0.0
0.00407527 0.0
0.00325026 0.0
0.00747523 0.0
0.00769144 0.0
0.00557092 0.0
0.00392650 0.0
0.00969546 0.0
0.00497609 0.0
0.00680348 0.0
0.00284256 0.0
0.00206704 0.0
0.00516841 0.0
0.00995918 0.0
0.00707355 0.0
0.00730335 0.0
0.00588145 0.0
0.00630325 0.0
0.00275860 0.0
0.00490073 0.0
0.00621496 0.0
0.00564405 0.0
0.00958444 0.0
0.00652897 0.0
0.00226013 0.0
0.00853875 0.0
0.00517909 0.0
0.00896595 0.0
0.00798559 0.0
0.00922710 0.0
0.00735616 0.0
0.00312977 0.0
0.00330237 0.0
0.00860642 0.0
0.00860500 0.0
0.00899381 0.0
0.00417734 0.0
0.00253149 0.0
0.00868928 0.0
0.00715342 0.0
0.00733497 0.0
0.00953183 0.0
0.00722046 0.0
0.00250339 0.0
0.00949102 0.0
0.00429402 0.0
0.00780674 0.0
0.00537247 0.0
0.00859727 0.0
0.00856534 0.0
0.00827320 0.0
0.00481223 0.0
0.00420939 0.0
0.00785764 0.0
0.00934120 0.0
0.00446952 0.0
0.00639639 0.0
0.00452029 0.0
0.00343547 0.0
0.00438198 0.0
0.00374739 0.0
0.00879162 0.0
0.00551175 0.0
0.00504977 0.0
0.00739805 0.0
0.00411675 0.0
0.00404358 0.0
0.00957538 0.0
0.00464824 0.0
0.00273286 0.0
0.00672881 0.0
0.00998322 0.0
0.00226469 0.0
0.00394927 0.0
0.00248660 0.0
0.00975571 0.0
0.00624328 0.0
0.00829334 0.0
0.00512817 0.0
0.00484055 0.0
0.00685868 0.0
0.00340137 0.0
0.00765278 0.0
0.00906806 0.0
0.00925901 0.0
0.00699398 0.0
0.00353758 0.0
0.00565540 0.0
0.00951428 0.0
0.00497305 0.0
0.00803738 0.0
0.00326167 0.0
0.00376467 0.0
0.00354912 0.0
0.00631144 0.0
0.00916272 0.0
0.00566587 0.0
0.00835502 0.0
0.00873810 0.0
0.00831411 0.0
0.00908788 0.0
0.00546691 0.0
0.00829733 0.0
0.00935257 0.0
0.00741618 0.0
0.00878393 0.0
0.00910828 0.0
0.00365946 0.0
0.00707727 0.0
0.00423645 0.0
0.00650001 0.0
0.00393595 0.0
0.00563782 0.0
0.00415279 0.0
0.00300401 0.0
0.00489683 0.0
0.00914678 0.0
0.00454159 0.0
0.00855223 0.0
0.00866105 0.0
0.00751464 0.0
0.00658961 0.0
0.00992273 0.0
0.00927932 0.0
0.00813873 0.0
0.00623416 0.0
0.00844204 0.0
0.00380460 0.0
0.00458918 0.0
0.00718014 0.0
0.00211871 0.0
0.00367706 0.0
0.00264705 0.0
0.00841604 0.0
0.00302963 0.0
0.00806322 0.0
0.00719997 0.0
0.00213791 0.0
0.00972268 0.0
0.00427724 0.0
0.00437436 0.0
0.00622270 0.0
0.00621319 0.0
0.00801218 0.0
0.00837549 0.0
0.00721720 0.0
0.00290902 0.0
0.00752227 0.0
0.00975879 0.0
0.00946125 0.0
0.00618332 0.0
0.00727343 0.0
0.00605085 0.0
0.00610605 0.0
0.00655274 0.0
0.00418959 0.0
0.00234021 0.0
0.00499478 0.0
0.00599419 0.0
0.00492940 0.0
0.00217492 0.0
0.00611290 0.0
0.00660646 0.0
0.00282196 0.0
0.00452894 0.0
0.00763609 0.0
0.00888519 0.0
0.00972891 0.0
0.00777401 0.0
0.00860787 0.0
0.00400615 0.0
0.00214837 0.0
0.00483057 0.0
0.00821934 0.0
0.00816055 0.0
0.00320606 0.0
0.00543654 0.0
0.00906957 0.0
0.00872833 0.0
0.00519532 0.0
0.00853082 0.0
0.00491166 0.0
0.00246875 0.0
0.00458167 0.0
0.00901771 0.0
0.00702149 0.0
0.00677125 0.0
0.00935792 0.0
0.00201627 0.0
0.00276544 0.0
0.00428732 0.0
0.00219119 0.0
0.00687834 0.0
0.00889378 0.0
0.00301316 0.0
0.00940729 0.0
0.00652987 0.0
0.00989834 0.0
0.00913620 0.0
0.00430388 0.0
0.00850621 0.0
0.00314235 0.0
0.00445225 0.0
0.00333678 0.0
0.00936169 0.0
0.00261280 0.0
0.00454285 0.0
0.00479823 0.0
0.00968237 0.0
0.00327118 0.0
0.00799355 0.0
0.00821318 0.0
0.00618284 0.0
0.00846230 0.0
0.00279485 0.0
0.00520055 0.0
0.00548380 0.0
0.00756611 0.0
0.00455847 0.0
0.00550007 0.0
0.00833155 0.0
0.00684578 0.0
0.00569126 0.0
0.00520989 0.0
0.00573956 0.0
0.00670442 0.0
0.00461718 0.0
0.00226943 0.0
0.00660276 0.0
0.00375338 0.0
0.00457331 0.0
0.00510897 0.0
0.00489573 0.0
0.00702556 0.0
0.00644576 0.0
0.00425743 0.0
0.00763836 0.0
0.00898860 0.0
0.00705566 0.0
0.00732073 0.0
0.00225978 0.0
0.00504921 0.0
0.00553391 0.0
