400
0.00361913 0.0
0.00617021 0.0
0.00318878 0.0
0.00991527 0.0
0.00318077 0.0
0.00985930 0.0
0.00309327 0.0
0.00472070 0.0
0.00495699 0.0
0.00945317 0.0
0.00597688 0.0
0.00677941 0.0
0.00272106 0.0
0.00755717 0.0
0.00806206 0.0
0.00666644 0.0
0.00714908 0.0
0.00815880 0.0
0.00782708 0.0
0.00822690 0.0
0.00390577 0.0
0.00360599 0.0
0.00269421 0.0
0.00992324 0.0
0.00290858 0.0
0.00454010 0.0
0.00991832 0.0
0.00857292 0.0
0.00465864 0.0
0.00742302 0.0
0.00945540 0.0
0.00627777 0.0
0.00359323 0.0
0.00264418 0.0
0.00619304 0.0
0.00477400 0.0
0.00250348 0.0
0.00728631 0.0
0.00749470 0.0
0.00546047 0.0
0.00673948 0.0
0.00347158 0.0
0.00223988 0.0
0.00746054 0.0
0.00902875 0.0
0.00830194 0.0
0.00412698 0.0
0.00617783 0.0
0.00646075 0.0
0.00995406 0.0
0.00440473 0.0
0.00836652 0.0
0.00356006 0.0
0.00509893 0.0
0.00828976 0.0
0.00446864 0.0
0.00763904 0.0
0.00820808 0.0
0.00304156 0.0
0.00229767 0.0
0.00563109 0.0
0.00249696 0.0
0.00657544 0.0
0.00722432 0.0
0.00314114 0.0
0.00276848 0.0
0.00999831 0.0
0.00364462 0.0
0.00805479 0.0
0.00749301 0.0
0.00710509 0.0
0.00479427 0.0
0.00896460 0.0
0.00734498 0.0
0.00225481 0.0
0.00799335 0.0
0.00564692 0.0
0.00438180 0.0
0.00417118 0.0
0.00210767 0.0
0.00433586 0.0
0.00657590 0.0
0.00847419 0.0
0.00589591 0.0
0.00967484 0.0
0.00676394 0.0
0.00836455 0.0
0.00731387 0.0
0.00497202 0.0
0.00940611 0.0
0.00761155 0.0
0.00860311 0.0
0.00990307 0.0
0.00418699 0.0
0.00582743 0.0
0.00304421 0.0
0.00495547 0.0
0.00582574 0.0
0.00468883 0.0
0.00301026 0.0
0.00331876 0.0
0.00979392 0.0
0.00580454 0.0
0.00228335 0.0
0.00713890 0.0
0.00605935 0.0
0.00827670 0.0
0.00278582 0.0
0.00844115 0.0
0.00244788 0.0
0.00289349 0.0
0.00277700 0.0
0.00702378 0.0
0.00936767 0.0
0.00667292 0.0
0.00669862 0.0
0.00613161 0.0
0.00503747 0.0
0.00401249 0.0
0.00910363 0.0
0.00444358 0.0
0.00962404 0.0
0.00770674 0.0
0.00434666 0.0
0.00381102 0.0
0.00353417 0.0
0.00539087 0.0
0.00676649 0.0
0.00735991 0.0
0.00807969 0.0
0.00777675 0.0
0.00867867 0.0
0.00787362 0.0
0.00358129 0.0
0.00896202 0.0
0.00501252 0.0
0.00764064 0.0
0.00723872 0.0
0.00579833 0.0
0.00608179 0.0
0.00768660 0.0
0.00669182 0.0
0.00685879 0.0
0.00471038 0.0
0.00605950 0.0
0.00353171 0.0
0.00940900 0.0
0.00219111 0.0
0.00656918 0.0
0.00342149 0.0
0.00929474 0.0
0.00901276 0.0
0.00304553 0.0
0.00700148 0.0
0.00335942 0.0
0.00485655 0.0
0.00853565 0.0
0.00675029 0.0
0.00962305 0.0
0.00589556 0.0
0.00482998 0.0
0.00739980 0.0
0.00457423 0.0
0.00270360 0.0
0.00898109 0.0
0.00353625 0.0
0.00571611 0.0
0.00662173 0.0
0.00877497 0.0
0.00951445 0.0
0.00270352 0.0
0.00646157 0.0
0.00620627 0.0
0.00756231 0.0
0.00917195 0.0
0.00226577 0.0
0.00909401 0.0
0.00858094 0.0
0.00245687 0.0
0.00566319 0.0
0.00200243 0.0
0.00975162 0.0
0.00467596 0.0
0.00304796 0.0
0.00675310 0.0
0.00603538 0.0
0.00590451 0.0
0.00528875 0.0
0.00278566 0.0
0.00552756 0.0
0.00918431 0.0
0.00561565 0.0
0.00292736 0.0
0.00375854 0.0
0.00631924 0.0
0.00990845 0.0
0.00529479 0.0
0.00203536 0.0
0.00653018 0.0
0.00406976 0.0
0.00954980 0.0
0.00723370 0.0
0.00853133 0.0
0.00575607 0.0
0.00479600 0.0
0.00770327 0.0
0.00602184 0.0
0.00389002 0.0
0.00628422 0.0
0.00647871 0.0
0.00755321 0.0
0.00628665 0.0
0.00623033 0.0
0.00222917 0.0
0.00733461 0.0
0.00298343 0.0
0.00626454 0.0
0.00323913 0.0
0.00627218 0.0
0.00705021 0.0
0.00676669 0.0
0.00545649 0.0
0.00266585 0.0
0.00769405 0.0
0.00721503 0.0
0.00698510 0.0
0.00760250 0.0
0.00250982 0.0
0.00702045 0.0
0.00413268 0.0
0.00457958 0.0
0.00657025 0.0
0.00936638 0.0
0.00311090 0.0
0.00232633 0.0
0.00416238 0.0
0.00881418 0.0
0.00634817 0.0
0.00605240 0.0
0.00509839 0.0
0.00282688 0.0
0.00360561 0.0
0.00938504 0.0
0.00705721 0.0
0.00383477 0.0
0.00671965 0.0
0.00804064 0.0
0.00809932 0.0
0.00795878 0.0
0.00431282 0.0
0.00514952 0.0
0.00472547 0.0
0.00776931 0.0
0.00581538 0.0
0.00241952 0.0
0.00498434 0.0
0.00280047 0.0
0.00802202 0.0
0.00549416 0.0
0.00782092 0.0
0.00215470 0.0
0.00807374 0.0
0.00439118 0.0
0.00952108 0.0
0.00918464 0.0
0.00471750 0.0
0.00368346 0.0
0.00799882 0.0
0.00906567 0.0
0.00773586 0.0
0.00309721 0.0
0.00989255 0.0
0.00934147 0.0
0.00248225 0.0
0.00694976 0.0
0.00317624 0.0
0.00720190 0.0
0.00499040 0.0
0.00927556 0.0
0.00516068 0.0
0.00730322 0.0
0.00442508 0.0
0.00788615 0.0
0.00507253 0.0
0.00824045 0.0
0.00830567 0.0
0.00805687 0.0
0.00904092 0.0
0.00632768 0.0
0.00355103 0.0
0.00686185 0.0
0.00648238 0.0
0.00962476 0.0
0.00925302 0.0
0.00600346 0.0
0.00880940 0.0
0.00397053 0.0
0.00768692 0.0
0.00680822 0.0
0.00303620 0.0
0.00542278 0.0
0.00790543 0.0
0.00292875 0.0
0.00476425 0.0
0.00838768 0.0
0.00787851 0.0
0.00594049 0.0
0.00558958 0.0
0.00286891 0.0
0.00521605 0.0
0.00875027 0.0
0.00817213 0.0
0.00764112 0.0
0.00663642 0.0
0.00324465 0.0
0.00588158 0.0
0.00494209 0.0
0.00930152 0.0
0.00492250 0.0
0.00926977 0.0
0.00285254 0.0
0.00978435 0.0
0.00575215 0.0
0.00247731 0.0
0.00903737 0.0
0.00975561 0.0
0.00928671 0.0
0.00300790 0.0
0.00744254 0.0
0.00609493 0.0
0.00404410 0.0
0.00286532 0.0
0.00400036 0.0
0.00497284 0.0
0.00562957 0.0
0.00238804 0.0
0.00285135 0.0
0.00957005 0.0
0.00597762 0.0
0.00372026 0.0
0.00478610 0.0
0.00472789 0.0
0.00989239 0.0
0.00242722 0.0
0.00936431 0.0
0.00313704 0.0
0.00630880 0.0
0.00430640 0.0
0.00243856 0.0
0.00923131 0.0
0.00357617 0.0
0.00329110 0.0
0.00901566 0.0
0.00732832 0.0
0.00376841 0.0
0.00805303 0.0
0.00708394 0.0
0.00305511 0.0
0.00906093 0.0
0.00452647 0.0
0.00715004 0.0
0.00310502 0.0
0.00539179 0.0
0.00915040 0.0
0.00607787 0.0
0.00902135 0.0
0.00953844 0.0
0.00692922 0.0
0.00859141 0.0
0.00551607 0.0
0.00864948 0.0
0.00337751 0.0
0.00824396 0.0
0.00854187 0.0
0.00380473 0.0
0.00760827 0.0
0.00967891 0.0
0.00811353 0.0
0.00991467 0.0
0.00211747 0.0
0.00734484 0.0
0.00349084 0.0
0.00340857 0.0
0.00636050 0.0
0.00881916 0.0
0.00517698 0.0
0.00441353 0.0
0.00590309 0.0
0.00623209 0.0
0.00347446 0.0
0.00842957 0.0
0.00338214 0.0
0.00457948 0.0
0.00382135 0.0
0.00253254 0.0
0.00865735 0.0
0.00284271 0.0
0.00207098 0.0
0.00558657 0.0
0.00943411 0.0
