400
0.00364566 0.0
0.00625358 0.0
0.00662426 0.0
0.00440418 0.0
0.00549372 0.0
0.00276896 0.0
0.00507218 0.0
0.00678377 0.0
0.00789898 0.0
0.00795998 0.0
0.00257693 0.0
0.00407222 0.0
0.00785689 0.0
0.00848627 0.0
0.00505816 0.0
0.00254470 0.0
0.00394409 0.0
0.00325302 0.0
0.00892472 0.0
0.00711860 0.0
0.00424122 0.0
0.00975418 0.0
0.00847376 0.0
0.00843699 0.0
0.00527697 0.0
0.00387688 0.0
0.00512721 0.0
0.00770279 0.0
0.00373619 0.0
0.00647677 0.0
0.00734362 0.0
0.00538186 0.0
0.00273035 0.0
0.00396788 0.0
0.00778604 0.0
0.00622408 0.0
0.00473684 0.0
0.00285822 0.0
0.00300784 0.0
0.00263582 0.0
0.00881821 0.0
0.00358478 0.0
0.00470804 0.0
0.00667510 0.0
0.00207104 0.0
0.00776619 0.0
0.00721979 0.0
0.00401513 0.0
0.00901922 0.0
0.00614451 0.0
0.00913373 0.0
0.00326043 0.0
0.00589869 0.0
0.00760750 0.0
0.00969742 0.0
0.00917566 0.0
0.00948438 0.0
0.00482463 0.0
0.00687845 0.0
0.00322057 0.0
0.00930140 0.0
0.00422207 0.0
0.00660243 0.0
0.00203175 0.0
0.00618995 0.0
0.00438847 0.0
0.00625582 0.0
0.00892678 0.0
0.00524669 0.0
0.00726367 0.0
0.00956260 0.0
0.00406490 0.0
0.00884845 0.0
0.00427064 0.0
0.00874000 0.0
0.00891949 0.0
0.00203683 0.0
0.00595979 0.0
0.00293462 0.0
0.00905605 0.0
0.00210430 0.0
0.00206835 0.0
0.00231649 0.0
0.00600299 0.0
0.00767585 0.0
0.00201391 0.0
0.00517865 0.0
0.00716023 0.0
0.00483853 0.0
0.00205710 0.0
0.00838080 0.0
0.00413993 0.0
0.00427917 0.0
0.00498323 0.0
0.00417168 0.0
0.00846911 0.0
0.00737170 0.0
0.00842751 0.0
0.00739590 0.0
0.00261839 0.0
0.00569118 0.0
0.00695850 0.0
0.00468329 0.0
0.00453962 0.0
0.00922914 0.0
0.00342329 0.0
0.00345911 0.0
0.00926597 0.0
0.00738308 0.0
0.00439373 0.0
0.00832202 0.0
0.00748738 0.0
0.00446208 0.0
0.00863851 0.0
0.00349038 0.0
0.00213794 0.0
0.00865241 0.0
0.00666903 0.0
0.00729817 0.0
0.00349095 0.0
0.00672613 0.0
0.00567897 0.0
0.00563088 0.0
0.00900530 0.0
0.00866220 0.0
0.00780256 0.0
0.00747441 0.0
0.00603390 0.0
0.00623007 0.0
0.00487031 0.0
0.00665229 0.0
0.00992124 0.0
0.00982881 0.0
0.00933558 0.0
0.00446087 0.0
0.00905795 0.0
0.00275887 0.0
0.00591998 0.0
0.00832392 0.0
0.00814195 0.0
0.00831371 0.0
0.00664594 0.0
0.00562934 0.0
0.00277579 0.0
0.00528444 0.0
0.00711971 0.0
0.00291373 0.0
0.00393686 0.0
0.00378874 0.0
0.00821190 0.0
0.00542780 0.0
0.00851487 0.0
0.00389086 0.0
0.00905868 0.0
0.00752017 0.0
0.00255306 0.0
0.00686124 0.0
0.00499459 0.0
0.00658695 0.0
0.00309131 0.0
0.00786490 0.0
0.00323924 0.0
0.00301256 0.0
0.00769371 0.0
0.00257482 0.0
0.00547342 0.0
0.00675165 0.0
0.00333370 0.0
0.00939340 0.0
0.00507557 0.0
0.00947565 0.0
0.00770711 0.0
0.00972151 0.0
0.00510499 0.0
0.00848290 0.0
0.00500595 0.0
0.00222470 0.0
0.00939663 0.0
0.00694281 0.0
0.00401344 0.0
0.00760853 0.0
0.00237061 0.0
0.00252832 0.0
0.00949939 0.0
0.00942929 0.0
0.00804849 0.0
0.00205245 0.0
0.00629053 0.0
0.00304308 0.0
0.00663940 0.0
0.00738184 0.0
0.00890798 0.0
0.00787864 0.0
0.00839440 0.0
0.00660169 0.0
0.00845346 0.0
0.00386782 0.0
0.00335334 0.0
0.00978716 0.0
0.00326122 0.0
0.00642891 0.0
0.00926281 0.0
0.00896832 0.0
0.00615041 0.0
0.00436780 0.0
0.00745122 0.0
0.00915636 0.0
0.00459250 0.0
0.00684785 0.0
0.00609917 0.0
0.00660594 0.0
0.00445638 0.0
0.00646978 0.0
0.00713426 0.0
0.00395577 0.0
0.00589907 0.0
0.00518275 0.0
0.00400822 0.0
0.00218960 0.0
0.00622583 0.0
0.00864761 0.0
0.00757144 0.0
0.00513381 0.0
0.00652626 0.0
0.00596584 0.0
0.00973550 0.0
0.00497972 0.0
0.00783366 0.0
0.00308884 0.0
0.00476688 0.0
0.00909487 0.0
0.00751775 0.0
0.00402969 0.0
0.00806320 0.0
0.00366816 0.0
0.00639749 0.0
0.00551442 0.0
0.00282452 0.0
0.00898999 0.0
0.00236227 0.0
0.00692369 0.0
0.00559594 0.0
0.00481866 0.0
0.00339347 0.0
0.00273020 0.0
0.00677442 0.0
0.00729253 0.0
0.00591295 0.0
0.00878264 0.0
0.00748213 0.0
0.00213878 0.0
0.00743026 0.0
0.00505357 0.0
0.00527260 0.0
0.00395651 0.0
0.00901941 0.0
0.00500809 0.0
0.00693623 0.0
0.00685306 0.0
0.00609693 0.0
0.00970311 0.0
0.00594794 0.0
0.00361468 0.0
0.00373280 0.0
0.00401113 0.0
0.00528284 0.0
0.00813030 0.0
0.00752555 0.0
0.00610736 0.0
0.00712029 0.0
0.00788783 0.0
0.00303105 0.0
0.00271623 0.0
0.00270648 0.0
0.00442452 0.0
0.00344643 0.0
0.00748091 0.0
0.00971705 0.0
0.00735938 0.0
0.00626355 0.0
0.00719918 0.0
0.00749816 0.0
0.00369380 0.0
0.00225275 0.0
0.00277076 0.0
0.00565032 0.0
0.00927216 0.0
0.00577885 0.0
0.00258654 0.0
0.00612522 0.0
0.00987578 0.0
0.00228966 0.0
0.00207316 0.0
0.00349046 0.0
0.00402246 0.0
0.00408429 0.0
0.00677330 0.0
0.00215276 0.0
0.00960984 0.0
0.00288066 0.0
0.00727304 0.0
0.00749767 0.0
0.00391171 0.0
0.00798927 0.0
0.00820415 0.0
0.00633623 0.0
0.00943570 0.0
0.00568506 0.0
0.00605328 0.0
0.00679507 0.0
0.00994861 0.0
0.00325246 0.0
0.00429324 0.0
0.00364241 0.0
0.00350522 0.0
0.00506400 0.0
0.00729273 0.0
0.00277737 0.0
0.00884285 0.0
0.00787927 0.0
0.00690259 0.0
0.00871863 0.0
0.00816893 0.0
0.00697575 0.0
0.00220910 0.0
0.00219139 0.0
0.00906004 0.0
0.00698239 0.0
0.00234414 0.0
0.00866988 0.0
0.00786305 0.0
0.00761719 0.0
0.00616754 0.0
0.00977476 0.0
0.00560646 0.0
0.00437170 0.0
0.00611099 0.0
0.00504216 0.0
0.00805676 0.0
0.00216428 0.0
0.00983723 0.0
0.00800537 0.0
0.00341674 0.0
0.00413047 0.0
0.00964778 0.0
0.00492196 0.0
0.00719447 0.0
0.00694051 0.0
0.00569933 0.0
0.00603732 0.0
0.00481979 0.0
0.00260192 0.0
0.00475595 0.0
0.00298872 0.0
0.00757767 0.0
0.00496505 0.0
0.00318011 0.0
0.00663771 0.0
0.00994744 0.0
0.00352425 0.0
0.00530758 0.0
0.00781049 0.0
0.00914144 0.0
0.00947513 0.0
0.00758525 0.0
0.00474790 0.0
0.00384683 0.0
0.00369625 0.0
0.00779006 0.0
0.00990358 0.0
0.00386052 0.0
0.00762729 0.0
0.00790895 0.0
0.00527726 0.0
0.00975776 0.0
0.00755674 0.0
0.00819922 0.0
0.00695222 0.0
0.00449725 0.0
0.00389855 0.0
0.00298954 0.0
0.00731704 0.0
0.00450047 0.0
0.00574549 0.0
0.00830575 0.0
0.00207814 0.0
0.00871054 0.0
0.00948586 0.0
0.00671585 0.0
0.00865797 0.0
0.00301011 0.0
0.00202343 0.0
0.00646846 0.0
0.00215155 0.0
0.00949856 0.0
0.00405372 0.0
0.00489945 0.0
0.00334538 0.0
0.00574996 0.0
0.00268950 0.0
