400
0.00897619 0.0
0.00587812 0.0
0.00394190 0.0
0.00747983 0.0
0.00302870 0.0
0.00855135 0.0
0.00576284 0.0
0.00252395 0.0
0.00782494 0.0
0.00718064 0.0
0.00697587 0.0
0.00496972 0.0
0.00647424 0.0
0.00931646 0.0
0.00902072 0.0
0.00734934 0.0
0.00441066 0.0
0.00610165 0.0
0.00600129 0.0
0.00287091 0.0
0.00629483 0.0
0.00304732 0.0
0.00939045 0.0
0.00496456 0.0
0.00997817 0.0
0.00255173 0.0
0.00660805 0.0
0.00205788 0.0
0.00297029 0.0
0.00983495 0.0
0.00503771 0.0
0.00994649 0.0
0.00571307 0.0
0.00697961 0.0
0.00742631 0.0
0.00674177 0.0
0.00553096 0.0
0.00318915 0.0
0.00726572 0.0
0.00335590 0.0
0.00836980 0.0
0.00424159 0.0
0.00632562 0.0
0.00484403 0.0
0.00355805 0.0
0.00534634 0.0
0.00219337 0.0
0.00596871 0.0
0.00944799 0.0
0.00619466 0.0
0.00683962 0.0
0.00574282 0.0
0.00724197 0.0
0.00623007 0.0
0.00870738 0.0
0.00722015 0.0
0.00678180 0.0
0.00531543 0.0
0.00727803 0.0
0.00775210 0.0
0.00515038 0.0
0.00231574 0.0
0.00769858 0.0
0.00886345 0.0
0.00729535 0.0
0.00512489 0.0
0.00560522 0.0
0.00282631 0.0
0.00631405 0.0
0.00287094 0.0
0.00418221 0.0
0.00468384 0.0
0.00511253 0.0
0.00850783 0.0
0.00752788 0.0
0.00667058 0.0
0.00385417 0.0
0.00772125 0.0
0.00263929 0.0
0.00330216 0.0
0.00391591 0.0
0.00747891 0.0
0.00704498 0.0
0.00915788 0.0
0.00370898 0.0
0.00575236 0.0
0.00637803 0.0
0.00849078 0.0
0.00906779 0.0
0.00365605 0.0
0.00624288 0.0
0.00421817 0.0
0.00397179 0.0
0.00394146 0.0
0.00308162 0.0
0.00926714 0.0
0.00706635 0.0
0.00668684 0.0
0.00209345 0.0
0.00338040 0.0
0.00755778 0.0
0.00427566 0.0
0.00606424 0.0
0.00267031 0.0
0.00278349 0.0
0.00359212 0.0
0.00734089 0.0
0.00463765 0.0
0.00931337 0.0
0.00798018 0.0
0.00593981 0.0
0.00322928 0.0
0.00545909 0.0
0.00298479 0.0
0.00238716 0.0
0.00716807 0.0
0.00673716 0.0
0.00676519 0.0
0.00565886 0.0
0.00580495 0.0
0.00842124 0.0
0.00990174 0.0
0.00802312 0.0
0.00239303 0.0
0.00384320 0.0
0.00910474 0.0
0.00966017 0.0
0.00890955 0.0
0.00579158 0.0
0.00975363 0.0
0.00228995 0.0
0.00334936 0.0
0.00402929 0.0
0.00635419 0.0
0.00401967 0.0
0.00481278 0.0
0.00794631 0.0
0.00936055 0.0
0.00745043 0.0
0.00725967 0.0
0.00734073 0.0
0.00339025 0.0
0.00848895 0.0
0.00279982 0.0
0.00437504 0.0
0.00887611 0.0
0.00796790 0.0
0.00911220 0.0
0.00564129 0.0
0.00362675 0.0
0.00491715 0.0
0.00406254 0.0
0.00352849 0.0
0.00294027 0.0
0.00445557 0.0
0.00537169 0.0
0.00204501 0.0
0.00411574 0.0
0.00428124 0.0
0.00583660 0.0
0.00386937 0.0
0.00457118 0.0
0.00718596 0.0
0.00589866 0.0
0.00892537 0.0
0.00920562 0.0
0.00871144 0.0
0.00687168 0.0
0.00856618 0.0
0.00616188 0.0
0.00413135 0.0
0.00590691 0.0
0.00755212 0.0
0.00262030 0.0
0.00670673 0.0
0.00992716 0.0
0.00949641 0.0
0.00467462 0.0
0.00903936 0.0
0.00513771 0.0
0.00630138 0.0
0.00395651 0.0
0.00720024 0.0
0.00782987 0.0
0.00489678 0.0
0.00965581 0.0
0.00320155 0.0
0.00494179 0.0
0.00377155 0.0
0.00548279 0.0
0.00877838 0.0
0.00564092 0.0
0.00805397 0.0
0.00596434 0.0
0.00953959 0.0
0.00697935 0.0
0.00516996 0.0
0.00825103 0.0
0.00385103 0.0
0.00373614 0.0
0.00441291 0.0
0.00598238 0.0
0.00764305 0.0
0.00996503 0.0
0.00660268 0.0
0.00434977 0.0
0.00989220 0.0
0.00609910 0.0
0.00702440 0.0
0.00893156 0.0
0.00923680 0.0
0.00332578 0.0
0.00288807 0.0
0.00643704 0.0
0.00915564 0.0
0.00578484 0.0
0.00609285 0.0
0.00235720 0.0
0.00872663 0.0
0.00786441 0.0
0.00583999 0.0
0.00750501 0.0
0.00350533 0.0
0.00389396 0.0
0.00346935 0.0
0.00304492 0.0
0.00887331 0.0
0.00663931 0.0
0.00929595 0.0
0.00272434 0.0
0.00837545 0.0
0.00370886 0.0
0.00670672 0.0
0.00601849 0.0
0.00367389 0.0
0.00330940 0.0
0.00836827 0.0
0.00356609 0.0
0.00740849 0.0
0.00539267 0.0
0.00249764 0.0
0.00664530 0.0
0.00671844 0.0
0.00338571 0.0
0.00308234 0.0
0.00587409 0.0
0.00717055 0.0
0.00717519 0.0
0.00623128 0.0
0.00589718 0.0
0.00503960 0.0
0.00207127 0.0
0.00340219 0.0
0.00654493 0.0
0.00396524 0.0
0.00487154 0.0
0.00758985 0.0
0.00283855 0.0
0.00951085 0.0
0.00688580 0.0
0.00356288 0.0
0.00788630 0.0
0.00859466 0.0
0.00826960 0.0
0.00390479 0.0
0.00226855 0.0
0.00957900 0.0
0.00227306 0.0
0.00383464 0.0
0.00698749 0.0
0.00566572 0.0
0.00433228 0.0
0.00363279 0.0
0.00238417 0.0
0.00571799 0.0
0.00471513 0.0
0.00625826 0.0
0.00288854 0.0
0.00989032 0.0
0.00248954 0.0
0.00678572 0.0
0.00492993 0.0
0.00256081 0.0
0.00818791 0.0
0.00947486 0.0
0.00452605 0.0
0.00305945 0.0
0.00706471 0.0
0.00536460 0.0
0.00257029 0.0
0.00395052 0.0
0.00692748 0.0
0.00845659 0.0
0.00254518 0.0
0.00519708 0.0
0.00236138 0.0
0.00281373 0.0
0.00477608 0.0
0.00263444 0.0
0.00464836 0.0
0.00976357 0.0
0.00630016 0.0
0.00698065 0.0
0.00339636 0.0
0.00668433 0.0
0.00269864 0.0
0.00611149 0.0
0.00294258 0.0
0.00358718 0.0
0.00600182 0.0
0.00343212 0.0
0.00837290 0.0
0.00893174 0.0
0.00399294 0.0
0.00656081 0.0
0.00840660 0.0
0.00651899 0.0
0.00762026 0.0
0.00547131 0.0
0.00988359 0.0
0.00819055 0.0
0.00742183 0.0
0.00681107 0.0
0.00664714 0.0
0.00796701 0.0
0.00200815 0.0
0.00700852 0.0
0.00878073 0.0
0.00478423 0.0
0.00764296 0.0
0.00342910 0.0
0.00454780 0.0
0.00394312 0.0
0.00840974 0.0
0.00594417 0.0
0.00862744 0.0
0.00910838 0.0
0.00205566 0.0
0.00957003 0.0
0.00269556 0.0
0.00605748 0.0
0.00300215 0.0
0.00906846 0.0
0.00498922 0.0
0.00499509 0.0
0.00562927 0.0
0.00339582 0.0
0.00951408 0.0
0.00324953 0.0
0.00686713 0.0
0.00939766 0.0
0.00944008 0.0
0.00428896 0.0
0.00620873 0.0
0.00608722 0.0
0.00225597 0.0
0.00621688 0.0
0.00309574 0.0
0.00903670 0.0
0.00900111 0.0
0.00873870 0.0
0.00246580 0.0
0.00354891 0.0
0.00268181 0.0
0.00887554 0.0
0.00749308 0.0
0.00930926 0.0
0.00798392 0.0
0.00754874 0.0
0.00887928 0.0
0.00867948 0.0
0.00360621 0.0
0.00988144 0.0
0.00774794 0.0
0.00659543 0.0
0.00487652 0.0
0.00337722 0.0
0.00799125 0.0
0.00439060 0.0
0.00462675 0.0
0.00485838 0.0
0.00378826 0.0
0.00406683 0.0
0.00714734 0.0
0.00799699 0.0
0.00815405 0.0
0.00740330 0.0
0.00421387 0.0
0.00924979 0.0
0.00644000 0.0
0.00321498 0.0
0.00798849 0.0
0.00690580 0.0
0.00476389 0.0
0.00867030 0.0
0.00578134 0.0
0.00225696 0.0
0.00797956 0.0
0.00376526 0.0
0.00780570 0.0
