400
0.00200949 0.0
0.00472980 0.0
0.00245137 0.0
0.00701475 0.0
0.00444287 0.0
0.00461903 0.0
0.00325423 0.0
0.00220281 0.0
0.00276583 0.0
0.00922505 0.0
0.00615568 0.0
0.00272021 0.0
0.00857956 0.0
0.00847133 0.0
0.00521253 0.0
0.00658372 0.0
0.00803770 0.0
0.00656833 0.0
0.00598050 0.0
0.00261066 0.0
0.00384303 0.0
0.00801182 0.0
0.00829954 0.0
0.00243440 0.0
0.00411961 0.0
0.00782994 0.0
0.00448348 0.0
0.00928217 0.0
0.00274034 0.0
0.00297552 0.0
0.00714827 0.0
0.00274984 0.0
0.00570531 0.0
0.00759964 0.0
0.00776458 0.0
0.00814818 0.0
0.00221867 0.0
0.00901882 0.0
0.00835099 0.0
0.00298450 0.0
0.00824387 0.0
0.00450667 0.0
0.00370472 0.0
0.00682342 0.0
0.00297800 0.0
0.00691725 0.0
0.00340715 0.0
0.00901570 0.0
0.00348558 0.0
0.00738764 0.0
0.00962636 0.0
0.00532862 0.0
0.00539947 0.0
0.00792589 0.0
0.00576301 0.0
0.00751908 0.0
0.00575583 0.0
0.00824649 0.0
0.00680124 0.0
0.00649618 0.0
0.00922201 0.0
0.00394951 0.0
0.00724601 0.0
0.00492732 0.0
0.00954916 0.0
0.00501060 0.0
0.00307550 0.0
0.00976783 0.0
0.00402941 0.0
0.00942649 0.0
0.00275233 0.0
0.00227328 0.0
0.00393316 0.0
0.00445704 0.0
0.00709671 0.0
0.00491116 0.0
0.00937429 0.0
0.00850385 0.0
0.00392685 0.0
0.00285988 0.0
0.00589149 0.0
0.00355321 0.0
0.00618849 0.0
0.00929096 0.0
0.00947911 0.0
0.00995150 0.0
0.00681004 0.0
0.00523494 0.0
0.00819800 0.0
0.00361128 0.0
0.00973112 0.0
0.00742000 0.0
0.00556079 0.0
0.00697713 0.0
0.00234732 0.0
0.00510995 0.0
0.00998773 0.0
0.00342283 0.0
0.00487777 0.0
0.00401714 0.0
0.00284932 0.0
0.00563010 0.0
0.00429042 0.0
0.00478248 0.0
0.00808715 0.0
0.00938713 0.0
0.00769363 0.0
0.00746144 0.0
0.00789098 0.0
0.00962049 0.0
0.00832132 0.0
0.00378247 0.0
0.00317370 0.0
0.00450981 0.0
0.00307343 0.0
0.00265281 0.0
0.00446131 0.0
0.00788347 0.0
0.00588775 0.0
0.00265931 0.0
0.00949475 0.0
0.00561886 0.0
0.00807931 0.0
0.00505554 0.0
0.00259599 0.0
0.00842664 0.0
0.00816549 0.0
0.00258372 0.0
0.00984947 0.0
0.00304326 0.0
0.00460086 0.0
0.00269879 0.0
0.00667336 0.0
0.00689128 0.0
0.00548126 0.0
0.00476051 0.0
0.00627840 0.0
0.00317490 0.0
0.00222195 0.0
0.00416938 0.0
0.00279539 0.0
0.00854326 0.0
0.00595185 0.0
0.00396909 0.0
0.00305307 0.0
0.00702529 0.0
0.00462189 0.0
0.00551438 0.0
0.00490876 0.0
0.00850964 0.0
0.00617369 0.0
0.00440351 0.0
0.00412851 0.0
0.00425300 0.0
0.00745905 0.0
0.00472450 0.0
0.00267964 0.0
0.00562454 0.0
0.00530822 0.0
0.00252911 0.0
0.00666780 0.0
0.00790908 0.0
0.00322789 0.0
0.00334116 0.0
0.00480035 0.0
0.00670916 0.0
0.00610166 0.0
0.00907875 0.0
0.00788406 0.0
0.00632361 0.0
0.00324813 0.0
0.00867944 0.0
0.00486687 0.0
0.00719998 0.0
0.00264853 0.0
0.00591994 0.0
0.00422527 0.0
0.00527042 0.0
0.00943432 0.0
0.00713403 0.0
0.00378006 0.0
0.00560801 0.0
0.00953753 0.0
0.00590857 0.0
0.00786101 0.0
0.00699658 0.0
0.00863307 0.0
0.00854065 0.0
0.00262112 0.0
0.00394129 0.0
0.00906976 0.0
0.00728891 0.0
0.00985036 0.0
0.00229765 0.0
0.00863007 0.0
0.00465071 0.0
0.00700681 0.0
0.00473173 0.0
0.00372947 0.0
0.00489086 0.0
0.00905534 0.0
0.00497760 0.0
0.00357030 0.0
0.00392221 0.0
0.00217758 0.0
0.00421883 0.0
0.00784215 0.0
0.00440285 0.0
0.00748925 0.0
0.00727647 0.0
0.00953688 0.0
0.00926932 0.0
0.00288447 0.0
0.00907441 0.0
0.00517788 0.0
0.00874548 0.0
0.00607099 0.0
0.00381095 0.0
0.00728613 0.0
0.00669211 0.0
0.00575224 0.0
0.00635589 0.0
0.00398102 0.0
0.00560260 0.0
0.00665354 0.0
0.00261109 0.0
0.00825331 0.0
0.00366034 0.0
0.00534282 0.0
0.00998278 0.0
0.00655120 0.0
0.00439816 0.0
0.00496038 0.0
0.00812151 0.0
0.00632038 0.0
0.00513796 0.0
0.00234034 0.0
0.00416253 0.0
0.00754082 0.0
0.00782959 0.0
0.00943900 0.0
0.00707769 0.0
0.00709891 0.0
0.00232347 0.0
0.00615211 0.0
0.00227679 0.0
0.00906895 0.0
0.00222310 0.0
0.00408774 0.0
0.00635508 0.0
0.00691520 0.0
0.00783998 0.0
0.00271097 0.0
0.00889622 0.0
0.00344258 0.0
0.00736451 0.0
0.00950730 0.0
0.00969589 0.0
0.00902485 0.0
0.00485012 0.0
0.00967867 0.0
0.00557605 0.0
0.00724829 0.0
0.00463905 0.0
0.00369756 0.0
0.00356866 0.0
0.00777701 0.0
0.00403789 0.0
0.00573119 0.0
0.00531782 0.0
0.00986748 0.0
0.00517019 0.0
0.00239552 0.0
0.00696639 0.0
0.00549366 0.0
0.00654762 0.0
0.00724318 0.0
0.00456261 0.0
0.00677072 0.0
0.00933092 0.0
0.00891770 0.0
0.00368592 0.0
0.00717090 0.0
0.00962867 0.0
0.00258214 0.0
0.00861348 0.0
0.00699318 0.0
0.00208944 0.0
0.00830937 0.0
0.00601802 0.0
0.00493957 0.0
0.00798804 0.0
0.00959407 0.0
0.00218786 0.0
0.00262708 0.0
0.00329163 0.0
0.00375652 0.0
0.00840409 0.0
0.00532952 0.0
0.00748771 0.0
0.00372191 0.0
0.00519701 0.0
0.00265790 0.0
0.00411743 0.0
0.00216340 0.0
0.00615156 0.0
0.00866505 0.0
0.00740658 0.0
0.00871417 0.0
0.00543577 0.0
0.00673750 0.0
0.00763187 0.0
0.00712169 0.0
0.00390840 0.0
0.00726054 0.0
0.00770383 0.0
0.00252188 0.0
0.00425371 0.0
0.00779327 0.0
0.00883125 0.0
0.00827174 0.0
0.00273284 0.0
0.00681929 0.0
0.00786581 0.0
0.00292070 0.0
0.00744638 0.0
0.00915744 0.0
0.00467722 0.0
0.00585047 0.0
0.00448697 0.0
0.00216493 0.0
0.00757238 0.0
0.00768398 0.0
0.00282283 0.0
0.00968981 0.0
0.00784738 0.0
0.00697439 0.0
0.00835487 0.0
0.00525396 0.0
0.00568856 0.0
0.00379064 0.0
0.00999146 0.0
0.00332043 0.0
0.00891233 0.0
0.00389986 0.0
0.00858097 0.0
0.00661616 0.0
0.00442175 0.0
0.00283468 0.0
0.00440943 0.0
0.00325300 0.0
0.00910642 0.0
0.00514227 0.0
0.00807229 0.0
0.00697223 0.0
0.00606297 0.0
0.00551867 0.0
0.00612967 0.0
0.00874018 0.0
0.00936914 0.0
0.00861664 0.0
0.00890511 0.0
0.00694152 0.0
0.00630062 0.0
0.00972794 0.0
0.00663133 0.0
0.00414799 0.0
0.00670234 0.0
0.00498620 0.0
0.00740195 0.0
0.00239090 0.0
0.00677684 0.0
0.00739340 0.0
0.00371134 0.0
0.00568916 0.0
0.00929327 0.0
0.00229231 0.0
0.00230532 0.0
0.00371501 0.0
0.00312699 0.0
0.00471475 0.0
0.00496801 0.0
0.00223341 0.0
0.00785702 0.0
0.00304031 0.0
0.00720564 0.0
0.00391999 0.0
0.00655898 0.0
0.00333531 0.0
0.00266017 0.0
0.00592812 0.0
0.00995195 0.0
0.00956529 0.0
0.00286964 0.0
0.00625257 0.0
0.00929323 0.0
0.00750097 0.0
0.00840056 0.0
0.00599557 0.0
0.00248717 0.0
