400
0.00323037 0.0
0.00266485 0.0
0.00269603 0.0
0.00948886 0.0
0.00910589 0.0
0.00922303 0.0
0.00412998 0.0
0.00721764 0.0
0.00897706 0.0
0.00720330 0.0
0.00355596 0.0
0.00705908 0.0
0.00873058 0.0
0.00484839 0.0
0.00896379 0.0
0.00741174 0.0
0.00674572 0.0
0.00540656 0.0
0.00410199 0.0
0.00702207 0.0
0.00290937 0.0
0.00960796 0.0
0.00755367 0.0
0.00275582 0.0
0.00245096 0.0
0.00614165 0.0
0.00323242 0.0
0.00386060 0.0
0.00894137 0.0
0.00533511 0.0
0.00662868 0.0
0.00217174 0.0
0.00599996 0.0
0.00732471 0.0
0.00966061 0.0
0.00510584 0.0
0.00654774 0.0
0.00379058 0.0
0.00232348 0.0
0.00552480 0.0
0.00899388 0.0
0.00387943 0.0
0.00258387 0.0
0.00772446 0.0
0.00672782 0.0
0.00954767 0.0
0.00513620 0.0
0.00347354 0.0
0.00495423 0.0
0.00723818 0.0
0.00849561 0.0
0.00586359 0.0
0.00684614 0.0
0.00604928 0.0
0.00661942 0.0
0.00729710 0.0
0.00219094 0.0
0.00785184 0.0
0.00915770 0.0
0.00913231 0.0
0.00318695 0.0
0.00578638 0.0
0.00930406 0.0
0.00718690 0.0
0.00311109 0.0
0.00896466 0.0
0.00229274 0.0
0.00765883 0.0
0.00275525 0.0
0.00261622 0.0
0.00318362 0.0
0.00974912 0.0
0.00449565 0.0
0.00376750 0.0
0.00747359 0.0
0.00922348 0.0
0.00331517 0.0
0.00260978 0.0
0.00269702 0.0
0.00626940 0.0
0.00784796 0.0
0.00919264 0.0
0.00213299 0.0
0.00469411 0.0
0.00524192 0.0
0.00675241 0.0
0.00999121 0.0
0.00543285 0.0
0.00460424 0.0
0.00914890 0.0
0.00456517 0.0
0.00579119 0.0
0.00493528 0.0
0.00386922 0.0
0.00297809 0.0
0.00604637 0.0
0.00283388 0.0
0.00327083 0.0
0.00370519 0.0
0.00358913 0.0
0.00388706 0.0
0.00488882 0.0
0.00333825 0.0
0.00638271 0.0
0.00665631 0.0
0.00881184 0.0
0.00560619 0.0
0.00797148 0.0
0.00942162 0.0
0.00630321 0.0
0.00424088 0.0
0.00726959 0.0
0.00549585 0.0
0.00437387 0.0
0.00996370 0.0
0.00873777 0.0
0.00912627 0.0
0.00995490 0.0
0.00417062 0.0
0.00373052 0.0
0.00910381 0.0
0.00673579 0.0
0.00752170 0.0
0.00403909 0.0
0.00860501 0.0
0.00849980 0.0
0.00808546 0.0
0.00943889 0.0
0.00977063 0.0
0.00979065 0.0
0.00302802 0.0
0.00365768 0.0
0.00467947 0.0
0.00436627 0.0
0.00804039 0.0
0.00933578 0.0
0.00317811 0.0
0.00364658 0.0
0.00730726 0.0
0.00259974 0.0
0.00794980 0.0
0.00954814 0.0
0.00786932 0.0
0.00344564 0.0
0.00392200 0.0
0.00783302 0.0
0.00218341 0.0
0.00304828 0.0
0.00778792 0.0
0.00435403 0.0
0.00477879 0.0
0.00689173 0.0
0.00908982 0.0
0.00230050 0.0
0.00893082 0.0
0.00769483 0.0
0.00880029 0.0
0.00701628 0.0
0.00713372 0.0
0.00857092 0.0
0.00680692 0.0
0.00816174 0.0
0.00222861 0.0
0.00948639 0.0
0.00252802 0.0
0.00826900 0.0
0.00882217 0.0
0.00370613 0.0
0.00991559 0.0
0.00612943 0.0
0.00430587 0.0
0.00786538 0.0
0.00567757 0.0
0.00217519 0.0
0.00931103 0.0
0.00759957 0.0
0.00800821 0.0
0.00949444 0.0
0.00864785 0.0
0.00579613 0.0
0.00384847 0.0
0.00342665 0.0
0.00268786 0.0
0.00293829 0.0
0.00372715 0.0
0.00961868 0.0
0.00863312 0.0
0.00252744 0.0
0.00663495 0.0
0.00576684 0.0
0.00909836 0.0
0.00344188 0.0
0.00392858 0.0
0.00932697 0.0
0.00292827 0.0
0.00445659 0.0
0.00759598 0.0
0.00975044 0.0
0.00616272 0.0
0.00751156 0.0
0.00587987 0.0
0.00846859 0.0
0.00537695 0.0
0.00955744 0.0
0.00864378 0.0
0.00468798 0.0
0.00715701 0.0
0.00665198 0.0
0.00418241 0.0
0.00580486 0.0
0.00244811 0.0
0.00603088 0.0
0.00723151 0.0
0.00313597 0.0
0.00696917 0.0
0.00895865 0.0
0.00275465 0.0
0.00560229 0.0
0.00948609 0.0
0.00738961 0.0
0.00936912 0.0
0.00858446 0.0
0.00883148 0.0
0.00329770 0.0
0.00791143 0.0
0.00975975 0.0
0.00575429 0.0
0.00550741 0.0
0.00951019 0.0
0.00991701 0.0
0.00301897 0.0
0.00539006 0.0
0.00838560 0.0
0.00639592 0.0
0.00494749 0.0
0.00702937 0.0
0.00908390 0.0
0.00210450 0.0
0.00368136 0.0
0.00326631 0.0
0.00590936 0.0
0.00412947 0.0
0.00729719 0.0
0.00314087 0.0
0.00526544 0.0
0.00426637 0.0
0.00209952 0.0
0.00602010 0.0
0.00786866 0.0
0.00958561 0.0
0.00340970 0.0
0.00723778 0.0
0.00817006 0.0
0.00224119 0.0
0.00853548 0.0
0.00608149 0.0
0.00200094 0.0
0.00428977 0.0
0.00958890 0.0
0.00951113 0.0
0.00420678 0.0
0.00260787 0.0
0.00490119 0.0
0.00259238 0.0
0.00700379 0.0
0.00784868 0.0
0.00762175 0.0
0.00608768 0.0
0.00795318 0.0
0.00930311 0.0
0.00735399 0.0
0.00386254 0.0
0.00343258 0.0
0.00465119 0.0
0.00500341 0.0
0.00669803 0.0
0.00691755 0.0
0.00510293 0.0
0.00271812 0.0
0.00478621 0.0
0.00468853 0.0
0.00412782 0.0
0.00202399 0.0
0.00285860 0.0
0.00436901 0.0
0.00855947 0.0
0.00694009 0.0
0.00436995 0.0
0.00284924 0.0
0.00652899 0.0
0.00388108 0.0
0.00505602 0.0
0.00713686 0.0
0.00678227 0.0
0.00564840 0.0
0.00414064 0.0
0.00463095 0.0
0.00327015 0.0
0.00822833 0.0
0.00258413 0.0
0.00257327 0.0
0.00558232 0.0
0.00444667 0.0
0.00400585 0.0
0.00823351 0.0
0.00745008 0.0
0.00870387 0.0
0.00515106 0.0
0.00255300 0.0
0.00942200 0.0
0.00793727 0.0
0.00524154 0.0
0.00354982 0.0
0.00796126 0.0
0.00610014 0.0
0.00591883 0.0
0.00652072 0.0
0.00304023 0.0
0.00828878 0.0
0.00736996 0.0
0.00756921 0.0
0.00216986 0.0
0.00242598 0.0
0.00470607 0.0
0.00695212 0.0
0.00607438 0.0
0.00684671 0.0
0.00958307 0.0
0.00734453 0.0
0.00507504 0.0
0.00216719 0.0
0.00791780 0.0
0.00865736 0.0
0.00461386 0.0
0.00992365 0.0
0.00689086 0.0
0.00206394 0.0
0.00862752 0.0
0.00204192 0.0
0.00261694 0.0
0.00804952 0.0
0.00797919 0.0
0.00585848 0.0
0.00959934 0.0
0.00594045 0.0
0.00995862 0.0
0.00551816 0.0
0.00246117 0.0
0.00299884 0.0
0.00380694 0.0
0.00783113 0.0
0.00856806 0.0
0.00397680 0.0
0.00825711 0.0
0.00327412 0.0
0.00892892 0.0
0.00433149 0.0
0.00812084 0.0
0.00851199 0.0
0.00967603 0.0
0.00319587 0.0
0.00867918 0.0
0.00759383 0.0
0.00985323 0.0
0.00329305 0.0
0.00751748 0.0
0.00674409 0.0
0.00335699 0.0
0.00614500 0.0
0.00678601 0.0
0.00397393 0.0
0.00419452 0.0
0.00476520 0.0
0.00783241 0.0
0.00379385 0.0
0.00870565 0.0
0.00779103 0.0
0.00731202 0.0
0.00916682 0.0
0.00878987 0.0
0.00911896 0.0
0.00699796 0.0
0.00735793 0.0
0.00309576 0.0
0.00525507 0.0
0.00863205 0.0
0.00202468 0.0
0.00758656 0.0
0.00675289 0.0
0.00853667 0.0
0.00726259 0.0
0.00794876 0.0
0.00721585 0.0
0.00485642 0.0
0.00780199 0.0
0.00850890 0.0
0.00237390 0.0
0.00454608 0.0
0.00986588 0.0
0.00651890 0.0
