400
0.00933238 0.0
0.00555061 0.0
0.00850785 0.0
0.00754214 0.0
0.00549398 0.0
0.00623550 0.0
0.00822448 0.0
0.00217048 0.0
0.00399113 0.0
0.00983892 0.0
0.00806247 0.0
0.00618736 0.0
0.00511919 0.0
0.00641017 0.0
0.00406663 0.0
0.00230415 0.0
0.00746290 0.0
0.00220037 0.0
0.00229413 0.0
0.00217687 0.0
0.00885191 0.0
0.00772860 0.0
0.00853154 0.0
0.00827247 0.0
0.00820487 0.0
0.00729278 0.0
0.00872638 0.0
0.00296527 0.0
0.00537850 0.0
0.00464562 0.0
0.00235471 0.0
0.00471087 0.0
0.00819622 0.0
0.00886256 0.0
0.00225302 0.0
0.00369021 0.0
0.00509806 0.0
0.00847750 0.0
0.00386068 0.0
0.00708918 0.0
0.00831642 0.0
0.00992315 0.0
0.00327655 0.0
0.00343560 0.0
0.00633332 0.0
0.00534317 0.0
0.00373975 0.0
0.00379622 0.0
0.00554354 0.0
0.00403388 0.0
0.00397310 0.0
0.00439544 0.0
0.00976249 0.0
0.00250463 0.0
0.00266791 0.0
0.00796735 0.0
0.00779742 0.0
0.00939429 0.0
0.00893263 0.0
0.00317591 0.0
0.00403991 0.0
0.00928733 0.0
0.00588679 0.0
0.00223614 0.0
0.00814989 0.0
0.00613981 0.0
0.00392634 0.0
0.00324794 0.0
0.00461731 0.0
0.00578703 0.0
0.00833712 0.0
0.00293373 0.0
0.00571018 0.0
0.00961367 0.0
0.00436933 0.0
0.00204350 0.0
0.00495684 0.0
0.00610909 0.0
0.00383972 0.0
0.00850038 0.0
0.00814297 0.0
0.00581282 0.0
0.00289582 0.0
0.00790546 0.0
0.00631745 0.0
0.00356374 0.0
0.00587281 0.0
0.00411487 0.0
0.00295803 0.0
0.00480543 0.0
0.00529078 0.0
0.00499794 0.0
0.00409276 0.0
0.00917757 0.0
0.00523408 0.0
0.00224265 0.0
0.00531738 0.0
0.00716042 0.0
0.00349060 0.0
0.00793469 0.0
0.00294745 0.0
0.00982772 0.0
0.00886842 0.0
0.00665762 0.0
0.00944139 0.0
0.00323775 0.0
0.00670112 0.0
0.00439823 0.0
0.00734684 0.0
0.00854085 0.0
0.00289861 0.0
0.00548981 0.0
0.00435367 0.0
0.00379443 0.0
0.00339527 0.0
0.00867112 0.0
0.00535817 0.0
0.00726807 0.0
0.00278599 0.0
0.00631620 0.0
0.00207351 0.0
0.00607677 0.0
0.00931414 0.0
0.00416627 0.0
0.00525435 0.0
0.00454822 0.0
0.00440892 0.0
0.00857173 0.0
0.00970864 0.0
0.00589952 0.0
0.00650642 0.0
0.00265609 0.0
0.00572724 0.0
0.00537484 0.0
0.00731371 0.0
0.00516863 0.0
0.00661260 0.0
0.00401483 0.0
0.00756686 0.0
0.00395944 0.0
0.00255568 0.0
0.00846547 0.0
0.00744925 0.0
0.00490935 0.0
0.00225990 0.0
0.00884451 0.0
0.00358047 0.0
0.00561807 0.0
0.00611259 0.0
0.00436646 0.0
0.00993427 0.0
0.00618609 0.0
0.00844323 0.0
0.00924842 0.0
0.00835236 0.0
0.00369758 0.0
0.00379663 0.0
0.00276129 0.0
0.00226931 0.0
0.00350527 0.0
0.00666081 0.0
0.00677573 0.0
0.00416136 0.0
0.00238805 0.0
0.00215057 0.0
0.00947507 0.0
0.00555668 0.0
0.00676317 0.0
0.00348991 0.0
0.00312354 0.0
0.00872261 0.0
0.00404559 0.0
0.00958901 0.0
0.00617185 0.0
0.00695493 0.0
0.00984892 0.0
0.00501637 0.0
0.00853540 0.0
0.00546699 0.0
0.00912896 0.0
0.00290186 0.0
0.00540126 0.0
0.00531505 0.0
0.00934509 0.0
0.00464968 0.0
0.00366742 0.0
0.00304267 0.0
0.00644631 0.0
0.00442870 0.0
0.00331197 0.0
0.00795159 0.0
0.00908951 0.0
0.00808770 0.0
0.00211295 0.0
0.00947756 0.0
0.00823827 0.0
0.00958802 0.0
0.00503424 0.0
0.00500144 0.0
0.00307793 0.0
0.00615779 0.0
0.00372404 0.0
0.00512351 0.0
0.00574680 0.0
0.00789590 0.0
0.00207845 0.0
0.00559572 0.0
0.00291227 0.0
0.00861385 0.0
0.00906271 0.0
0.00204122 0.0
0.00951570 0.0
0.00446397 0.0
0.00535628 0.0
0.00886079 0.0
0.00711365 0.0
0.00702369 0.0
0.00990346 0.0
0.00355997 0.0
0.00945239 0.0
0.00321543 0.0
0.00951156 0.0
0.00854191 0.0
0.00930313 0.0
0.00962451 0.0
0.00801947 0.0
0.00754140 0.0
0.00921253 0.0
0.00305371 0.0
0.00254284 0.0
0.00229045 0.0
0.00721150 0.0
0.00426688 0.0
0.00541396 0.0
0.00295830 0.0
0.00216278 0.0
0.00549241 0.0
0.00655402 0.0
0.00307505 0.0
0.00410626 0.0
0.00561672 0.0
0.00311627 0.0
0.00362196 0.0
0.00808070 0.0
0.00647255 0.0
0.00248275 0.0
0.00519435 0.0
0.00349624 0.0
0.00238621 0.0
0.00675432 0.0
0.00294863 0.0
0.00360164 0.0
0.00626587 0.0
0.00949054 0.0
0.00290477 0.0
0.00589038 0.0
0.00751000 0.0
0.00844617 0.0
0.00510291 0.0
0.00856371 0.0
0.00898901 0.0
0.00539336 0.0
0.00577521 0.0
0.00325589 0.0
0.00880732 0.0
0.00673351 0.0
0.00341867 0.0
0.00429973 0.0
0.00328752 0.0
0.00449372 0.0
0.00640599 0.0
0.00690425 0.0
0.00561000 0.0
0.00802795 0.0
0.00498495 0.0
0.00208254 0.0
0.00851070 0.0
0.00817930 0.0
0.00357878 0.0
0.00889692 0.0
0.00493362 0.0
0.00452742 0.0
0.00249856 0.0
0.00919949 0.0
0.00401795 0.0
0.00340333 0.0
0.00508987 0.0
0.00952796 0.0
0.00984950 0.0
0.00819277 0.0
0.00809167 0.0
0.00883852 0.0
0.00358613 0.0
0.00386688 0.0
0.00209441 0.0
0.00239345 0.0
0.00860039 0.0
0.00351308 0.0
0.00469319 0.0
0.00988791 0.0
0.00600681 0.0
0.00909917 0.0
0.00679216 0.0
0.00961680 0.0
0.00712712 0.0
0.00977710 0.0
0.00969935 0.0
0.00563783 0.0
0.00795640 0.0
0.00327813 0.0
0.00453474 0.0
0.00289002 0.0
0.00580554 0.0
0.00503330 0.0
0.00208951 0.0
0.00782350 0.0
0.00643663 0.0
0.00517938 0.0
0.00735145 0.0
0.00628614 0.0
0.00337215 0.0
0.00544313 0.0
0.00512465 0.0
0.00495828 0.0
0.00731001 0.0
0.00521906 0.0
0.00535174 0.0
0.00591040 0.0
0.00673215 0.0
0.00804492 0.0
0.00579831 0.0
0.00273895 0.0
0.00714410 0.0
0.00259047 0.0
0.00235576 0.0
0.00427122 0.0
0.00236758 0.0
0.00205510 0.0
0.00790904 0.0
0.00832398 0.0
0.00333323 0.0
0.00244378 0.0
0.00921399 0.0
0.00713878 0.0
0.00547709 0.0
0.00930350 0.0
0.00496227 0.0
0.00991372 0.0
0.00448288 0.0
0.00231373 0.0
0.00619986 0.0
0.00585503 0.0
0.00575686 0.0
0.00932451 0.0
0.00881331 0.0
0.00306687 0.0
0.00454357 0.0
0.00416505 0.0
0.00697727 0.0
0.00927572 0.0
0.00220997 0.0
0.00277558 0.0
0.00201467 0.0
0.00735407 0.0
0.00336605 0.0
0.00237043 0.0
0.00962528 0.0
0.00373363 0.0
0.00242553 0.0
0.00753433 0.0
0.00205760 0.0
0.00375876 0.0
0.00797811 0.0
0.00927160 0.0
0.00889754 0.0
0.00345520 0.0
0.00857510 0.0
0.00385981 0.0
0.00336891 0.0
0.00305798 0.0
0.00417354 0.0
0.00756877 0.0
0.00691300 0.0
0.00793039 0.0
0.00689328 0.0
0.00572632 0.0
0.00899726 0.0
0.00943685 0.0
0.00789136 0.0
0.00597453 0.0
0.00871257 0.0
0.00810133 0.0
0.00675010 0.0
0.00872724 0.0
0.00545540 0.0
0.00811615 0.0
0.00909766 0.0
0.00508068 0.0
0.00984978 0.0
0.00952319 0.0
