400
0.00676500 0.0
0.00644381 0.0
0.00706049 0.0
0.00924811 0.0
0.00234981 0.0
0.00425098 0.0
0.00861093 0.0
0.00922557 0.0
0.00904740 0.0
0.00356211 0.0
0.00519868 0.0
0.00479172 0.0
0.00627037 0.0
0.00310035 0.0
0.00728154 0.0
0.00382636 0.0
0.00252308 0.0
0.00493661 0.0
0.00722639 0.0
0.00358989 0.0
0.00974984 0.0
0.00353417 0.0
0.00833561 0.0
0.00715389 0.0
0.00456861 0.0
0.00352446 0.0
0.00730605 0.0
0.00688206 0.0
0.00925768 0.0
0.00716017 0.0
0.00725465 0.0
0.00602268 0.0
0.00360398 0.0
0.00431514 0.0
0.00527079 0.0
0.00395379 0.0
0.00656612 0.0
0.00388172 0.0
0.00317936 0.0
0.00561352 0.0
0.00544383 0.0
0.00637804 0.0
0.00840524 0.0
0.00971420 0.0
0.00747839 0.0
0.00568678 0.0
0.00354057 0.0
0.00800147 0.0
0.00862339 0.0
0.00876695 0.0
0.00959136 0.0
0.00837323 0.0
0.00230113 0.0
0.00792696 0.0
0.00552712 0.0
0.00486973 0.0
0.00945143 0.0
0.00283317 0.0
0.00975179 0.0
0.00870911 0.0
0.00799334 0.0
0.00700644 0.0
0.00473179 0.0
0.00959733 0.0
0.00932158 0.0
0.00800259 0.0
0.00355112 0.0
0.00588770 0.0
0.00988431 0.0
0.00473048 0.0
0.00950123 0.0
0.00532814 0.0
0.00910852 0.0
0.00790647 0.0
0.00504234 0.0
0.00658691 0.0
0.00359326 0.0
0.00658290 0.0
0.00458838 0.0
0.00221665 0.0
0.00534986 0.0
0.00417974 0.0
0.00858988 0.0
0.00565098 0.0
0.00210671 0.0
0.00411700 0.0
0.00852071 0.0
0.00955813 0.0
0.00495017 0.0
0.00827251 0.0
0.00826724 0.0
0.00294351 0.0
0.00527895 0.0
0.00299904 0.0
0.00254084 0.0
0.00460053 0.0
0.00900162 0.0
0.00409196 0.0
0.00848823 0.0
0.00888593 0.0
0.00682244 0.0
0.00798946 0.0
0.00421407 0.0
0.00593097 0.0
0.00589593 0.0
0.00725640 0.0
0.00251788 0.0
0.00748919 0.0
0.00383930 0.0
0.00510626 0.0
0.00770584 0.0
0.00718916 0.0
0.00728600 0.0
0.00629572 0.0
0.00284014 0.0
0.00739271 0.0
0.00841271 0.0
0.00936086 0.0
0.00695084 0.0
0.00336288 0.0
0.00763336 0.0
0.00521809 0.0
0.00430639 0.0
0.00291231 0.0
0.00621712 0.0
0.00484723 0.0
0.00551284 0.0
0.00521875 0.0
0.00693919 0.0
0.00400107 0.0
0.00410468 0.0
0.00376163 0.0
0.00999053 0.0
0.00631875 0.0
0.00769260 0.0
0.00588646 0.0
0.00357515 0.0
0.00821048 0.0
0.00337565 0.0
0.00541446 0.0
0.00331674 0.0
0.00908149 0.0
0.00260362 0.0
0.00860274 0.0
0.00537720 0.0
0.00344376 0.0
0.00599546 0.0
0.00378991 0.0
0.00280462 0.0
0.00294630 0.0
0.00515279 0.0
0.00843798 0.0
0.00616438 0.0
0.00745918 0.0
0.00935029 0.0
0.00238151 0.0
0.00230641 0.0
0.00486312 0.0
0.00560026 0.0
0.00724561 0.0
0.00686419 0.0
0.00770494 0.0
0.00900724 0.0
0.00685472 0.0
0.00402369 0.0
0.00669984 0.0
0.00274118 0.0
0.00559884 0.0
0.00491032 0.0
0.00411683 0.0
0.00901330 0.0
0.00622706 0.0
0.00319832 0.0
0.00961691 0.0
0.00482980 0.0
0.00657552 0.0
0.00306067 0.0
0.00882526 0.0
0.00836543 0.0
0.00386529 0.0
0.00977155 0.0
0.00351823 0.0
0.00230327 0.0
0.00593594 0.0
0.00897741 0.0
0.00965355 0.0
0.00631745 0.0
0.00928383 0.0
0.00451668 0.0
0.00991770 0.0
0.00652943 0.0
0.00938087 0.0
0.00762264 0.0
0.00553667 0.0
0.00623558 0.0
0.00964632 0.0
0.00223651 0.0
0.00697677 0.0
0.00524516 0.0
0.00514682 0.0
0.00909360 0.0
0.00425846 0.0
0.00937388 0.0
0.00229191 0.0
0.00387537 0.0
0.00420368 0.0
0.00686743 0.0
0.00493605 0.0
0.00302894 0.0
0.00523287 0.0
0.00680133 0.0
0.00280049 0.0
0.00675109 0.0
0.00710460 0.0
0.00673643 0.0
0.00572851 0.0
0.00675815 0.0
0.00305387 0.0
0.00501233 0.0
0.00927483 0.0
0.00297158 0.0
0.00954176 0.0
0.00865570 0.0
0.00859422 0.0
0.00507843 0.0
0.00489128 0.0
0.00824054 0.0
0.00531494 0.0
0.00986805 0.0
0.00348570 0.0
0.00846177 0.0
0.00896164 0.0
0.00574416 0.0
0.00783565 0.0
0.00925356 0.0
0.00761954 0.0
0.00203933 0.0
0.00612099 0.0
0.00255558 0.0
0.00306826 0.0
0.00935386 0.0
0.00735692 0.0
0.00386875 0.0
0.00610496 0.0
0.00446152 0.0
0.00860518 0.0
0.00983346 0.0
0.00921967 0.0
0.00965906 0.0
0.00484579 0.0
0.00849450 0.0
0.00263063 0.0
0.00438756 0.0
0.00715020 0.0
0.00922485 0.0
0.00746599 0.0
0.00204148 0.0
0.00746539 0.0
0.00278093 0.0
0.00990952 0.0
0.00895109 0.0
0.00924270 0.0
0.00887117 0.0
0.00469526 0.0
0.00707835 0.0
0.00812472 0.0
0.00231479 0.0
0.00711767 0.0
0.00424572 0.0
0.00287037 0.0
0.00818594 0.0
0.00359958 0.0
0.00822729 0.0
0.00205469 0.0
0.00770453 0.0
0.00268881 0.0
0.00865987 0.0
0.00753799 0.0
0.00990848 0.0
0.00831893 0.0
0.00238378 0.0
0.00840298 0.0
0.00894956 0.0
0.00477134 0.0
0.00555318 0.0
0.00817441 0.0
0.00223733 0.0
0.00559465 0.0
0.00563980 0.0
0.00301826 0.0
0.00550418 0.0
0.00459089 0.0
0.00226096 0.0
0.00437534 0.0
0.00728614 0.0
0.00733931 0.0
0.00250007 0.0
0.00760093 0.0
0.00445698 0.0
0.00474578 0.0
0.00847130 0.0
0.00264292 0.0
0.00634536 0.0
0.00669859 0.0
0.00269760 0.0
0.00404989 0.0
0.00738740 0.0
0.00935747 0.0
0.00958788 0.0
0.00729588 0.0
0.00767640 0.0
0.00997166 0.0
0.00569886 0.0
0.00662596 0.0
0.00474300 0.0
0.00925203 0.0
0.00480037 0.0
0.00498033 0.0
0.00484669 0.0
0.00844016 0.0
0.00599859 0.0
0.00835087 0.0
0.00303105 0.0
0.00625955 0.0
0.00272621 0.0
0.00831719 0.0
0.00359886 0.0
0.00322627 0.0
0.00591813 0.0
0.00605584 0.0
0.00597206 0.0
0.00438943 0.0
0.00669876 0.0
0.00231741 0.0
0.00908802 0.0
0.00739636 0.0
0.00436730 0.0
0.00647542 0.0
0.00675383 0.0
0.00395518 0.0
0.00377130 0.0
0.00443023 0.0
0.00392684 0.0
0.00747015 0.0
0.00905619 0.0
0.00666985 0.0
0.00672219 0.0
0.00385656 0.0
0.00965018 0.0
0.00956887 0.0
0.00229672 0.0
0.00564877 0.0
0.00791974 0.0
0.00332777 0.0
0.00990833 0.0
0.00864595 0.0
0.00964496 0.0
0.00350719 0.0
0.00987222 0.0
0.00556309 0.0
0.00756303 0.0
0.00584428 0.0
0.00795252 0.0
0.00426178 0.0
0.00616169 0.0
0.00704054 0.0
0.00965814 0.0
0.00852899 0.0
0.00351596 0.0
0.00641198 0.0
0.00248417 0.0
0.00528726 0.0
0.00884221 0.0
0.00441101 0.0
0.00275741 0.0
0.00789840 0.0
0.00908086 0.0
0.00747959 0.0
0.00975496 0.0
0.00873104 0.0
0.00704847 0.0
0.00205168 0.0
0.00437981 0.0
0.00496821 0.0
0.00337945 0.0
0.00428814 0.0
0.00361416 0.0
0.00302441 0.0
0.00579532 0.0
0.00348638 0.0
0.00658749 0.0
0.00335835 0.0
0.00733066 0.0
0.00454001 0.0
0.00562013 0.0
0.00349235 0.0
0.00958055 0.0
0.00527828 0.0
0.00202134 0.0
0.00309651 0.0
