400
0.00230967 0.0
0.00726459 0.0
0.00679988 0.0
0.00666065 0.0
0.00882631 0.0
0.00510479 0.0
0.00484949 0.0
0.00345903 0.0
0.00552388 0.0
0.00316723 0.0
0.00789421 0.0
0.00885874 0.0
0.00297588 0.0
0.00773592 0.0
0.00510649 0.0
0.00311779 0.0
0.00593058 0.0
0.00589972 0.0
0.00524837 0.0
0.00334899 0.0
0.00691297 0.0
0.00574887 0.0
0.00541187 0.0
0.00386632 0.0
0.00264025 0.0
0.00407707 0.0
0.00897568 0.0
0.00799202 0.0
0.00931026 0.0
0.00277508 0.0
0.00414355 0.0
0.00961994 0.0
0.00803967 0.0
0.00894344 0.0
0.00628059 0.0
0.00686597 0.0
0.00404822 0.0
0.00913008 0.0
0.00832500 0.0
0.00757210 0.0
0.00229731 0.0
0.00621921 0.0
0.00643084 0.0
0.00327319 0.0
0.00395514 0.0
0.00953732 0.0
0.00439098 0.0
0.00788572 0.0
0.00543704 0.0
0.00763935 0.0
0.00923470 0.0
0.00235001 0.0
0.00338822 0.0
0.00464658 0.0
0.00421633 0.0
0.00402847 0.0
0.00672365 0.0
0.00319201 0.0
0.00202049 0.0
0.00603391 0.0
0.00396709 0.0
0.00416405 0.0
0.00565385 0.0
0.00200676 0.0
0.00310748 0.0
0.00993443 0.0
0.00687273 0.0
0.00515571 0.0
0.00906452 0.0
0.00519773 0.0
0.00272781 0.0
0.00936183 0.0
0.00941695 0.0
0.00715864 0.0
0.00263502 0.0
0.00337209 0.0
0.00669597 0.0
0.00502600 0.0
0.00925780 0.0
0.00213301 0.0
0.00266535 0.0
0.00849251 0.0
0.00248302 0.0
0.00405358 0.0
0.00313908 0.0
0.00469935 0.0
0.00608205 0.0
0.00786273 0.0
0.00589137 0.0
0.00610254 0.0
0.00389664 0.0
0.00785846 0.0
0.00826658 0.0
0.00755048 0.0
0.00786522 0.0
0.00937407 0.0
0.00748492 0.0
0.00473795 0.0
0.00452977 0.0
0.00654944 0.0
0.00793568 0.0
0.00525758 0.0
0.00591126 0.0
0.00735263 0.0
0.00241622 0.0
0.00654628 0.0
0.00872472 0.0
0.00711219 0.0
0.00957228 0.0
0.00798252 0.0
0.00724520 0.0
0.00223764 0.0
0.00647503 0.0
0.00772822 0.0
0.00429121 0.0
0.00761412 0.0
0.00242757 0.0
0.00837326 0.0
0.00547685 0.0
0.00631893 0.0
0.00447580 0.0
0.00737348 0.0
0.00417739 0.0
0.00274238 0.0
0.00492397 0.0
0.00204261 0.0
0.00211645 0.0
0.00240889 0.0
0.00478056 0.0
0.00464622 0.0
0.00695832 0.0
0.00271624 0.0
0.00790380 0.0
0.00286958 0.0
0.00806888 0.0
0.00832003 0.0
0.00741587 0.0
0.00679360 0.0
0.00543222 0.0
0.00698815 0.0
0.00477612 0.0
0.00267742 0.0
0.00722579 0.0
0.00925115 0.0
0.00840563 0.0
0.00951700 0.0
0.00686527 0.0
0.00883320 0.0
0.00789026 0.0
0.00234211 0.0
0.00515213 0.0
0.00236606 0.0
0.00771560 0.0
0.00732952 0.0
0.00310844 0.0
0.00263956 0.0
0.00737213 0.0
0.00322489 0.0
0.00304845 0.0
0.00215269 0.0
0.00587111 0.0
0.00800677 0.0
0.00286894 0.0
0.00377491 0.0
0.00887636 0.0
0.00893781 0.0
0.00209494 0.0
0.00629222 0.0
0.00573141 0.0
0.00552716 0.0
0.00328037 0.0
0.00850753 0.0
0.00620457 0.0
0.00850616 0.0
0.00775868 0.0
0.00461021 0.0
0.00802317 0.0
0.00462395 0.0
0.00344340 0.0
0.00591343 0.0
0.00496606 0.0
0.00659554 0.0
0.00627949 0.0
0.00268166 0.0
0.00392506 0.0
0.00738793 0.0
0.00332122 0.0
0.00929719 0.0
0.00861282 0.0
0.00436967 0.0
0.00944988 0.0
0.00448393 0.0
0.00237644 0.0
0.00231882 0.0
0.00625884 0.0
0.00925280 0.0
0.00925664 0.0
0.00635378 0.0
0.00554502 0.0
0.00498805 0.0
0.00988094 0.0
0.00682540 0.0
0.00349558 0.0
0.00608551 0.0
0.00533156 0.0
0.00925427 0.0
0.00869572 0.0
0.00335473 0.0
0.00387822 0.0
0.00213912 0.0
0.00726815 0.0
0.00684428 0.0
0.00673466 0.0
0.00354764 0.0
0.00752594 0.0
0.00865972 0.0
0.00893557 0.0
0.00884717 0.0
0.00795691 0.0
0.00754838 0.0
0.00321684 0.0
0.00740679 0.0
0.00203231 0.0
0.00359328 0.0
0.00772561 0.0
0.00629115 0.0
0.00284608 0.0
0.00698225 0.0
0.00264493 0.0
0.00639110 0.0
0.00997030 0.0
0.00252587 0.0
0.00321650 0.0
0.00346588 0.0
0.00661138 0.0
0.00654806 0.0
0.00272015 0.0
0.00530710 0.0
0.00790279 0.0
0.00459837 0.0
0.00544623 0.0
0.00517094 0.0
0.00944265 0.0
0.00218089 0.0
0.00671858 0.0
0.00696859 0.0
0.00884060 0.0
0.00565415 0.0
0.00581575 0.0
0.00679751 0.0
0.00320254 0.0
0.00703259 0.0
0.00420430 0.0
0.00323485 0.0
0.00862587 0.0
0.00992992 0.0
0.00752599 0.0
0.00947196 0.0
0.00691217 0.0
0.00817092 0.0
0.00586306 0.0
0.00688247 0.0
0.00869679 0.0
0.00707956 0.0
0.00834835 0.0
0.00530818 0.0
0.00362762 0.0
0.00906850 0.0
0.00861528 0.0
0.00953041 0.0
0.00366686 0.0
0.00406151 0.0
0.00470135 0.0
0.00310951 0.0
0.00424239 0.0
0.00941994 0.0
0.00807810 0.0
0.00308300 0.0
0.00507409 0.0
0.00389385 0.0
0.00788051 0.0
0.00627663 0.0
0.00892644 0.0
0.00208481 0.0
0.00751147 0.0
0.00755232 0.0
0.00201473 0.0
0.00503746 0.0
0.00702427 0.0
0.00692690 0.0
0.00320839 0.0
0.00288733 0.0
0.00380937 0.0
0.00990518 0.0
0.00796689 0.0
0.00215772 0.0
0.00521336 0.0
0.00959452 0.0
0.00922622 0.0
0.00382864 0.0
0.00912493 0.0
0.00289308 0.0
0.00589015 0.0
0.00382628 0.0
0.00400259 0.0
0.00813254 0.0
0.00324622 0.0
0.00208069 0.0
0.00921554 0.0
0.00632031 0.0
0.00397454 0.0
0.00709605 0.0
0.00259693 0.0
0.00290099 0.0
0.00718086 0.0
0.00810840 0.0
0.00845330 0.0
0.00719559 0.0
0.00314587 0.0
0.00547758 0.0
0.00412249 0.0
0.00435426 0.0
0.00636491 0.0
0.00593185 0.0
0.00425944 0.0
0.00433180 0.0
0.00608957 0.0
0.00747280 0.0
0.00392632 0.0
0.00531579 0.0
0.00930144 0.0
0.00305125 0.0
0.00620887 0.0
0.00519159 0.0
0.00487753 0.0
0.00821146 0.0
0.00332413 0.0
0.00612375 0.0
0.00829215 0.0
0.00253967 0.0
0.00244406 0.0
0.00226669 0.0
0.00763572 0.0
0.00304099 0.0
0.00316768 0.0
0.00481658 0.0
0.00914940 0.0
0.00962098 0.0
0.00201216 0.0
0.00229527 0.0
0.00509856 0.0
0.00413465 0.0
0.00464953 0.0
0.00946347 0.0
0.00806651 0.0
0.00690897 0.0
0.00379527 0.0
0.00415608 0.0
0.00438177 0.0
0.00572160 0.0
0.00747187 0.0
0.00368321 0.0
0.00677285 0.0
0.00368074 0.0
0.00687480 0.0
0.00965038 0.0
0.00989220 0.0
0.00819893 0.0
0.00577413 0.0
0.00818435 0.0
0.00873860 0.0
0.00621819 0.0
0.00845105 0.0
0.00637432 0.0
0.00725918 0.0
0.00961873 0.0
0.00919089 0.0
0.00640858 0.0
0.00923971 0.0
0.00920306 0.0
0.00670385 0.0
0.00433827 0.0
0.00333771 0.0
0.00935337 0.0
0.00380174 0.0
0.00940421 0.0
0.00626234 0.0
0.00559702 0.0
0.00356029 0.0
0.00864410 0.0
0.00931862 0.0
0.00903216 0.0
0.00232731 0.0
0.00609146 0.0
0.00271290 0.0
0.00720211 0.0
0.00574184 0.0
0.00260510 0.0
0.00540104 0.0
0.00951597 0.0
