300
0.00265327 0.0
0.00771007 0.0
0.00391441 0.0
0.00205234 0.0
0.00263802 0.0
0.00866055 0.0
0.00473847 0.0
0.00667117 0.0
0.00484077 0.0
0.00537144 0.0
0.00640962 0.0
0.00802217 0.0
0.00650448 0.0
0.00732428 0.0
0.00739714 0.0
0.00470545 0.0
0.00627990 0.0
0.00725317 0.0
0.00278048 0.0
0.00576827 0.0
0.00790828 0.0
0.00980716 0.0
0.00867126 0.0
0.00374238 0.0
0.00931955 0.0
0.00466704 0.0
0.00650171 0.0
0.00627319 0.0
0.00951704 0.0
0.00826478 0.0
0.00903787 0.0
0.00217031 0.0
0.00597485 0.0
0.00295227 0.0
0.00222264 0.0
0.00661287 0.0
0.00961283 0.0
0.00496111 0.0
0.00328403 0.0
0.00445360 0.0
0.00833255 0.0
0.00769365 0.0
0.00247577 0.0
0.00483703 0.0
0.00501793 0.0
0.00787290 0.0
0.00754248 0.0
0.00929783 0.0
0.00512607 0.0
0.00832296 0.0
0.00506610 0.0
0.00303435 0.0
0.00813011 0.0
0.00373736 0.0
0.00477673 0.0
0.00744967 0.0
0.00640440 0.0
0.00927843 0.0
0.00372286 0.0
0.00592144 0.0
0.00754321 0.0
0.00276072 0.0
0.00609174 0.0
0.00351806 0.0
0.00371300 0.0
0.00631439 0.0
0.00813093 0.0
0.00332582 0.0
0.00927550 0.0
0.00941496 0.0
0.00577942 0.0
0.00760805 0.0
0.00710861 0.0
0.00625518 0.0
0.00244508 0.0
0.00212655 0.0
0.00412808 0.0
0.00798756 0.0
0.00942437 0.0
0.00725415 0.0
0.00631051 0.0
0.00449047 0.0
0.00828851 0.0
0.00444063 0.0
0.00622783 0.0
0.00306523 0.0
0.00989029 0.0
0.00263223 0.0
0.00234366 0.0
0.00361315 0.0
0.00655367 0.0
0.00788687 0.0
0.00437387 0.0
0.00264542 0.0
0.00940493 0.0
0.00608687 0.0
0.00695980 0.0
0.00753586 0.0
0.00741269 0.0
0.00623530 0.0
0.00695082 0.0
0.00319211 0.0
0.00384336 0.0
0.00405943 0.0
0.00744729 0.0
0.00428844 0.0
0.00418598 0.0
0.00957537 0.0
0.00227599 0.0
0.00361035 0.0
0.00682953 0.0
0.00658650 0.0
0.00610083 0.0
0.00511803 0.0
0.00902713 0.0
0.00232866 0.0
0.00618326 0.0
0.00891742 0.0
0.00296089 0.0
0.00652693 0.0
0.00253057 0.0
0.00751457 0.0
0.00441380 0.0
0.00490444 0.0
0.00815998 0.0
0.00381874 0.0
0.00899131 0.0
0.00511979 0.0
0.00935460 0.0
0.00640400 0.0
0.00935509 0.0
0.00630542 0.0
0.00759610 0.0
0.00319845 0.0
0.00836485 0.0
0.00504339 0.0
0.00548688 0.0
0.00255083 0.0
0.00461877 0.0
0.00576288 0.0
0.00416118 0.0
0.00944829 0.0
0.00234938 0.0
0.00826201 0.0
0.00456632 0.0
0.00937651 0.0
0.00859067 0.0
0.00874959 0.0
0.00829393 0.0
0.00955157 0.0
0.00527652 0.0
0.00882450 0.0
0.00706613 0.0
0.00769032 0.0
0.00372894 0.0
0.00522611 0.0
0.00950906 0.0
0.00272024 0.0
0.00834590 0.0
0.00886366 0.0
0.00712424 0.0
0.00770099 0.0
0.00516908 0.0
0.00472034 0.0
0.00889944 0.0
0.00353393 0.0
0.00776374 0.0
0.00438632 0.0
0.00408476 0.0
0.00238250 0.0
0.00814920 0.0
0.00624594 0.0
0.00983079 0.0
0.00849857 0.0
0.00450796 0.0
0.00439712 0.0
0.00787508 0.0
0.00309863 0.0
0.00314671 0.0
0.00616901 0.0
0.00265019 0.0
0.00642322 0.0
0.00499351 0.0
0.00771632 0.0
0.00411355 0.0
0.00672245 0.0
0.00294244 0.0
0.00362261 0.0
0.00744269 0.0
0.00928834 0.0
0.00248627 0.0
0.00456693 0.0
0.00698933 0.0
0.00565534 0.0
0.00728728 0.0
0.00588877 0.0
0.00718927 0.0
0.00505101 0.0
0.00827509 0.0
0.00927404 0.0
0.00543351 0.0
0.00642428 0.0
0.00551998 0.0
0.00526430 0.0
0.00492286 0.0
0.00802794 0.0
0.00766142 0.0
0.00279794 0.0
0.00912656 0.0
0.00880813 0.0
0.00696695 0.0
0.00977675 0.0
0.00523135 0.0
0.00996046 0.0
0.00749308 0.0
0.00734490 0.0
0.00668291 0.0
0.00843552 0.0
0.00896750 0.0
0.00412560 0.0
0.00772385 0.0
0.00945377 0.0
0.00669254 0.0
0.00471318 0.0
0.00510911 0.0
0.00397981 0.0
0.00860195 0.0
0.00229839 0.0
0.00703082 0.0
0.00687703 0.0
0.00957242 0.0
0.00246433 0.0
0.00330132 0.0
0.00509240 0.0
0.00572864 0.0
0.00622417 0.0
0.00312034 0.0
0.00339006 0.0
0.00702211 0.0
0.00224690 0.0
0.00219819 0.0
0.00398906 0.0
0.00202365 0.0
0.00542954 0.0
0.00394953 0.0
0.00751673 0.0
0.00277444 0.0
0.00863244 0.0
0.00595225 0.0
0.00974194 0.0
0.00275804 0.0
0.00367610 0.0
0.00919571 0.0
0.00745058 0.0
0.00638929 0.0
0.00430483 0.0
0.00943039 0.0
0.00499124 0.0
0.00460321 0.0
0.00646121 0.0
0.00986827 0.0
0.00417564 0.0
0.00692555 0.0
0.00316958 0.0
0.00726804 0.0
0.00265419 0.0
0.00739376 0.0
0.00838838 0.0
0.00404425 0.0
0.00441587 0.0
0.00863528 0.0
0.00424243 0.0
0.00640493 0.0
0.00865893 0.0
0.00767197 0.0
0.00835446 0.0
0.00617567 0.0
0.00844641 0.0
0.00698690 0.0
0.00212792 0.0
0.00818835 0.0
0.00774494 0.0
0.00380402 0.0
0.00738406 0.0
0.00519551 0.0
0.00819331 0.0
0.00968889 0.0
0.00462590 0.0
0.00318454 0.0
0.00429210 0.0
0.00908712 0.0
0.00305281 0.0
0.00646774 0.0
0.00601266 0.0
0.00422240 0.0
0.00373578 0.0
0.00666685 0.0
0.00961615 0.0
0.00212416 0.0
0.00871109 0.0
