300
0.00945319 0.0
0.00232590 0.0
0.00338868 0.0
0.00274902 0.0
0.00906754 0.0
0.00495723 0.0
0.00780317 0.0
0.00612671 0.0
0.00981241 0.0
0.00512583 0.0
0.00918955 0.0
0.00444951 0.0
0.00849854 0.0
0.00662470 0.0
0.00396713 0.0
0.00672269 0.0
0.00365143 0.0
0.00315653 0.0
0.00551436 0.0
0.00435007 0.0
0.00723181 0.0
0.00648267 0.0
0.00591410 0.0
0.00935997 0.0
0.00909814 0.0
0.00756195 0.0
0.00698761 0.0
0.00546236 0.0
0.00399207 0.0
0.00908989 0.0
0.00298128 0.0
0.00344526 0.0
0.00941579 0.0
0.00436996 0.0
0.00419428 0.0
0.00848333 0.0
0.00732718 0.0
0.00999744 0.0
0.00461004 0.0
0.00713960 0.0
0.00512328 0.0
0.00379959 0.0
0.00958911 0.0
0.00362182 0.0
0.00842429 0.0
0.00355624 0.0
0.00834451 0.0
0.00207572 0.0
0.00471276 0.0
0.00385887 0.0
0.00442579 0.0
0.00994458 0.0
0.00834154 0.0
0.00833989 0.0
0.00930454 0.0
0.00743968 0.0
0.00590185 0.0
0.00629215 0.0
0.00290204 0.0
0.00789391 0.0
0.00538205 0.0
0.00388332 0.0
0.00933917 0.0
0.00479784 0.0
0.00625327 0.0
0.00353345 0.0
0.00328117 0.0
0.00358046 0.0
0.00353089 0.0
0.00589121 0.0
0.00872006 0.0
0.00665417 0.0
0.00769080 0.0
0.00830916 0.0
0.00827599 0.0
0.00611509 0.0
0.00986540 0.0
0.00662050 0.0
0.00619081 0.0
0.00457817 0.0
0.00847937 0.0
0.00861660 0.0
0.00452274 0.0
0.00682091 0.0
0.00695649 0.0
0.00382728 0.0
0.00426059 0.0
0.00285834 0.0
0.00811944 0.0
0.00516263 0.0
0.00875225 0.0
0.00350148 0.0
0.00704594 0.0
0.00809142 0.0
0.00629932 0.0
0.00329922 0.0
0.00962487 0.0
0.00758050 0.0
0.00487967 0.0
0.00315576 0.0
0.00347171 0.0
0.00359973 0.0
0.00780992 0.0
0.00916251 0.0
0.00990889 0.0
0.00608591 0.0
0.00527760 0.0
0.00977430 0.0
0.00270640 0.0
0.00946841 0.0
0.00435246 0.0
0.00918577 0.0
0.00808501 0.0
0.00687520 0.0
0.00600668 0.0
0.00504151 0.0
0.00870249 0.0
0.00826727 0.0
0.00589984 0.0
0.00682192 0.0
0.00342989 0.0
0.00465209 0.0
0.00832341 0.0
0.00847584 0.0
0.00274351 0.0
0.00462273 0.0
0.00977505 0.0
0.00236838 0.0
0.00220323 0.0
0.00465473 0.0
0.00352414 0.0
0.00367494 0.0
0.00625446 0.0
0.00933406 0.0
0.00283745 0.0
0.00616335 0.0
0.00541996 0.0
0.00611505 0.0
0.00593765 0.0
0.00612637 0.0
0.00558346 0.0
0.00829011 0.0
0.00531214 0.0
0.00366847 0.0
0.00516531 0.0
0.00931881 0.0
0.00670997 0.0
0.00386780 0.0
0.00758608 0.0
0.00260982 0.0
0.00868973 0.0
0.00901597 0.0
0.00526191 0.0
0.00701314 0.0
0.00749181 0.0
0.00600543 0.0
0.00963587 0.0
0.00726686 0.0
0.00637381 0.0
0.00983910 0.0
0.00992159 0.0
0.00789794 0.0
0.00351404 0.0
0.00617604 0.0
0.00723200 0.0
0.00435149 0.0
0.00233939 0.0
0.00265196 0.0
0.00846654 0.0
0.00627704 0.0
0.00677833 0.0
0.00405000 0.0
0.00456715 0.0
0.00209047 0.0
0.00571846 0.0
0.00773246 0.0
0.00940928 0.0
0.00242844 0.0
0.00960027 0.0
0.00699536 0.0
0.00303826 0.0
0.00828999 0.0
0.00601134 0.0
0.00630017 0.0
0.00530313 0.0
0.00350315 0.0
0.00230560 0.0
0.00493900 0.0
0.00877001 0.0
0.00667940 0.0
0.00477810 0.0
0.00869160 0.0
0.00457735 0.0
0.00629214 0.0
0.00486764 0.0
0.00980935 0.0
0.00864363 0.0
0.00520703 0.0
0.00246131 0.0
0.00711017 0.0
0.00948407 0.0
0.00723964 0.0
0.00916016 0.0
0.00405123 0.0
0.00733011 0.0
0.00487863 0.0
0.00978369 0.0
0.00673939 0.0
0.00530706 0.0
0.00938396 0.0
0.00373476 0.0
0.00634532 0.0
0.00767395 0.0
0.00774610 0.0
0.00264549 0.0
0.00297708 0.0
0.00924925 0.0
0.00295109 0.0
0.00591607 0.0
0.00801926 0.0
0.00763049 0.0
0.00869417 0.0
0.00671085 0.0
0.00220784 0.0
0.00498631 0.0
0.00957849 0.0
0.00201719 0.0
0.00362994 0.0
0.00478552 0.0
0.00247850 0.0
0.00874011 0.0
0.00426960 0.0
0.00771814 0.0
0.00790027 0.0
0.00632082 0.0
0.00504825 0.0
0.00277890 0.0
0.00610451 0.0
0.00978764 0.0
0.00608596 0.0
0.00548847 0.0
0.00352240 0.0
0.00243128 0.0
0.00316242 0.0
0.00926850 0.0
0.00307677 0.0
0.00413949 0.0
0.00851775 0.0
0.00402786 0.0
0.00805556 0.0
0.00653700 0.0
0.00965835 0.0
0.00674973 0.0
0.00324785 0.0
0.00986619 0.0
0.00973604 0.0
0.00282635 0.0
0.00988337 0.0
0.00336598 0.0
0.00561187 0.0
0.00236187 0.0
0.00210609 0.0
0.00788147 0.0
0.00808001 0.0
0.00800636 0.0
0.00420229 0.0
0.00312826 0.0
0.00878525 0.0
0.00830681 0.0
0.00291590 0.0
0.00487122 0.0
0.00379528 0.0
0.00443831 0.0
0.00530250 0.0
0.00495769 0.0
0.00370681 0.0
0.00637927 0.0
0.00709719 0.0
0.00222455 0.0
0.00840713 0.0
0.00515275 0.0
0.00676155 0.0
0.00806548 0.0
0.00990248 0.0
0.00800941 0.0
0.00793166 0.0
0.00963853 0.0
0.00883575 0.0
0.00781504 0.0
0.00300451 0.0
0.00444762 0.0
0.00817691 0.0
0.00311060 0.0
0.00232909 0.0
0.00625692 0.0
0.00911695 0.0
0.00453139 0.0
0.00738518 0.0
0.00790221 0.0
0.00283819 0.0
