300
0.00305577 0.0
0.00757806 0.0
0.00247734 0.0
0.00736423 0.0
0.00549308 0.0
0.00984410 0.0
0.00665854 0.0
0.00923091 0.0
0.00613205 0.0
0.00937627 0.0
0.00807679 0.0
0.00672609 0.0
0.00273409 0.0
0.00796209 0.0
0.00410918 0.0
0.00840711 0.0
0.00559419 0.0
0.00481514 0.0
0.00223730 0.0
0.00417140 0.0
0.00541473 0.0
0.00276787 0.0
0.00517336 0.0
0.00888785 0.0
0.00261311 0.0
0.00538282 0.0
0.00995391 0.0
0.00911914 0.0
0.00260337 0.0
0.00649217 0.0
0.00870474 0.0
0.00365914 0.0
0.00407023 0.0
0.00918207 0.0
0.00902337 0.0
0.00756331 0.0
0.00902617 0.0
0.00568192 0.0
0.00679422 0.0
0.00515821 0.0
0.00505819 0.0
0.00487101 0.0
0.00988430 0.0
0.00579228 0.0
0.00283310 0.0
0.00399348 0.0
0.00419939 0.0
0.00642729 0.0
0.00680862 0.0
0.00443669 0.0
0.00859869 0.0
0.00222335 0.0
0.00520456 0.0
0.00377205 0.0
0.00911120 0.0
0.00581767 0.0
0.00715486 0.0
0.00906511 0.0
0.00493681 0.0
0.00775824 0.0
0.00555728 0.0
0.00364154 0.0
0.00941738 0.0
0.00762751 0.0
0.00282362 0.0
0.00844075 0.0
0.00519082 0.0
0.00984978 0.0
0.00412267 0.0
0.00998504 0.0
0.00500800 0.0
0.00718086 0.0
0.00485605 0.0
0.00489230 0.0
0.00297314 0.0
0.00568915 0.0
0.00688578 0.0
0.00517252 0.0
0.00211645 0.0
0.00369440 0.0
0.00760921 0.0
0.00871514 0.0
0.00391775 0.0
0.00281377 0.0
0.00248718 0.0
0.00302895 0.0
0.00663144 0.0
0.00764205 0.0
0.00209406 0.0
0.00956825 0.0
0.00540028 0.0
0.00565135 0.0
0.00320980 0.0
0.00481766 0.0
0.00327886 0.0
0.00403341 0.0
0.00325842 0.0
0.00646968 0.0
0.00388319 0.0
0.00538109 0.0
0.00645473 0.0
0.00689119 0.0
0.00256194 0.0
0.00931078 0.0
0.00978349 0.0
0.00353508 0.0
0.00499994 0.0
0.00666928 0.0
0.00670760 0.0
0.00511639 0.0
0.00836368 0.0
0.00431682 0.0
0.00383152 0.0
0.00228143 0.0
0.00513059 0.0
0.00431871 0.0
0.00331039 0.0
0.00976203 0.0
0.00996075 0.0
0.00340445 0.0
0.00933029 0.0
0.00536104 0.0
0.00705580 0.0
0.00254008 0.0
0.00817870 0.0
0.00833466 0.0
0.00457349 0.0
0.00943712 0.0
0.00480434 0.0
0.00645669 0.0
0.00481820 0.0
0.00925907 0.0
0.00334788 0.0
0.00538015 0.0
0.00856985 0.0
0.00313137 0.0
0.00691523 0.0
0.00356979 0.0
0.00780065 0.0
0.00362283 0.0
0.00668617 0.0
0.00616433 0.0
0.00593965 0.0
0.00851770 0.0
0.00644576 0.0
0.00907024 0.0
0.00283640 0.0
0.00775615 0.0
0.00883227 0.0
0.00279716 0.0
0.00916060 0.0
0.00816256 0.0
0.00615820 0.0
0.00621639 0.0
0.00870264 0.0
0.00433690 0.0
0.00455105 0.0
0.00327613 0.0
0.00377402 0.0
0.00735539 0.0
0.00773282 0.0
0.00659222 0.0
0.00661446 0.0
0.00908070 0.0
0.00997237 0.0
0.00518431 0.0
0.00221207 0.0
0.00688760 0.0
0.00675410 0.0
0.00801271 0.0
0.00851043 0.0
0.00344027 0.0
0.00417704 0.0
0.00445008 0.0
0.00995797 0.0
0.00862280 0.0
0.00352032 0.0
0.00279437 0.0
0.00637895 0.0
0.00235259 0.0
0.00359153 0.0
0.00553955 0.0
0.00851515 0.0
0.00774972 0.0
0.00975594 0.0
0.00721779 0.0
0.00208662 0.0
0.00430699 0.0
0.00849392 0.0
0.00386064 0.0
0.00966238 0.0
0.00622674 0.0
0.00845286 0.0
0.00627684 0.0
0.00530744 0.0
0.00842523 0.0
0.00946115 0.0
0.00551951 0.0
0.00531283 0.0
0.00621525 0.0
0.00353222 0.0
0.00382326 0.0
0.00765552 0.0
0.00570926 0.0
0.00627334 0.0
0.00761349 0.0
0.00433207 0.0
0.00779366 0.0
0.00840786 0.0
0.00871102 0.0
0.00814625 0.0
0.00999938 0.0
0.00425056 0.0
0.00666140 0.0
0.00774910 0.0
0.00400650 0.0
0.00387920 0.0
0.00783573 0.0
0.00631349 0.0
0.00237312 0.0
0.00969637 0.0
0.00597587 0.0
0.00659986 0.0
0.00814923 0.0
0.00225272 0.0
0.00990730 0.0
0.00657446 0.0
0.00971387 0.0
0.00542681 0.0
0.00988729 0.0
0.00592912 0.0
0.00695903 0.0
0.00371055 0.0
0.00358464 0.0
0.00266829 0.0
0.00798390 0.0
0.00919813 0.0
0.00500036 0.0
0.00577756 0.0
0.00760598 0.0
0.00371137 0.0
0.00392381 0.0
0.00760537 0.0
0.00596194 0.0
0.00858522 0.0
0.00535447 0.0
0.00796844 0.0
0.00246441 0.0
0.00319020 0.0
0.00428193 0.0
0.00283753 0.0
0.00288656 0.0
0.00825780 0.0
0.00743740 0.0
0.00903579 0.0
0.00851052 0.0
0.00734470 0.0
0.00561025 0.0
0.00822438 0.0
0.00277151 0.0
0.00549754 0.0
0.00415350 0.0
0.00773054 0.0
0.00720810 0.0
0.00573815 0.0
0.00839883 0.0
0.00519199 0.0
0.00493627 0.0
0.00339919 0.0
0.00896955 0.0
0.00254226 0.0
0.00511056 0.0
0.00289337 0.0
0.00814762 0.0
0.00907250 0.0
0.00947859 0.0
0.00350210 0.0
0.00704094 0.0
0.00994300 0.0
0.00469229 0.0
0.00932286 0.0
0.00278053 0.0
0.00557886 0.0
0.00758066 0.0
0.00821793 0.0
0.00461465 0.0
0.00609118 0.0
0.00556263 0.0
0.00822490 0.0
0.00431556 0.0
0.00633414 0.0
0.00372244 0.0
0.00646906 0.0
0.00406467 0.0
0.00893053 0.0
0.00220721 0.0
0.00246350 0.0
0.00412253 0.0
0.00514348 0.0
0.00386269 0.0
