300
0.00465288 0.0
0.00286569 0.0
0.00241900 0.0
0.00463710 0.0
0.00950691 0.0
0.00734178 0.0
0.00329544 0.0
0.00695219 0.0
0.00683741 0.0
0.00430776 0.0
0.00745914 0.0
0.00575817 0.0
0.00836633 0.0
0.00906685 0.0
0.00828588 0.0
0.00756184 0.0
0.00557823 0.0
0.00522803 0.0
0.00324441 0.0
0.00607740 0.0
0.00283378 0.0
0.00348502 0.0
0.00238714 0.0
0.00622514 0.0
0.00963816 0.0
0.00216194 0.0
0.00813445 0.0
0.00359429 0.0
0.00855828 0.0
0.00367050 0.0
0.00571860 0.0
0.00321116 0.0
0.00453619 0.0
0.00613760 0.0
0.00584827 0.0
0.00404309 0.0
0.00347937 0.0
0.00714371 0.0
0.00899528 0.0
0.00831678 0.0
0.00945147 0.0
0.00645442 0.0
0.00407495 0.0
0.00781780 0.0
0.00552127 0.0
0.00236083 0.0
0.00537964 0.0
0.00909950 0.0
0.00558886 0.0
0.00662405 0.0
0.00517690 0.0
0.00642264 0.0
0.00810907 0.0
0.00556404 0.0
0.00264779 0.0
0.00774723 0.0
0.00572598 0.0
0.00878224 0.0
0.00934153 0.0
0.00428426 0.0
0.00245274 0.0
0.00506013 0.0
0.00549542 0.0
0.00498893 0.0
0.00919772 0.0
0.00934369 0.0
0.00703202 0.0
0.00267709 0.0
0.00648739 0.0
0.00602730 0.0
0.00899387 0.0
0.00593886 0.0
0.00248172 0.0
0.00306882 0.0
0.00375667 0.0
0.00600299 0.0
0.00342965 0.0
0.00713631 0.0
0.00510249 0.0
0.00701851 0.0
0.00376036 0.0
0.00827939 0.0
0.00344115 0.0
0.00986943 0.0
0.00384343 0.0
0.00408894 0.0
0.00761666 0.0
0.00756942 0.0
0.00287118 0.0
0.00695819 0.0
0.00985368 0.0
0.00332392 0.0
0.00201831 0.0
0.00534910 0.0
0.00631285 0.0
0.00921603 0.0
0.00469278 0.0
0.00334486 0.0
0.00989312 0.0
0.00918018 0.0
0.00737217 0.0
0.00888699 0.0
0.00511904 0.0
0.00785389 0.0
0.00995581 0.0
0.00687571 0.0
0.00385688 0.0
0.00338546 0.0
0.00401202 0.0
0.00695937 0.0
0.00840396 0.0
0.00577237 0.0
0.00523877 0.0
0.00984511 0.0
0.00564180 0.0
0.00708220 0.0
0.00393405 0.0
0.00325846 0.0
0.00465162 0.0
0.00480523 0.0
0.00821665 0.0
0.00450529 0.0
0.00612915 0.0
0.00823496 0.0
0.00785439 0.0
0.00244199 0.0
0.00745099 0.0
0.00254717 0.0
0.00378685 0.0
0.00734412 0.0
0.00972735 0.0
0.00915902 0.0
0.00623111 0.0
0.00484639 0.0
0.00701291 0.0
0.00618692 0.0
0.00972210 0.0
0.00886979 0.0
0.00757238 0.0
0.00373412 0.0
0.00582916 0.0
0.00597634 0.0
0.00750649 0.0
0.00906793 0.0
0.00582146 0.0
0.00314829 0.0
0.00615013 0.0
0.00775551 0.0
0.00440675 0.0
0.00880175 0.0
0.00256073 0.0
0.00262340 0.0
0.00330704 0.0
0.00668988 0.0
0.00885835 0.0
0.00916143 0.0
0.00713187 0.0
0.00630934 0.0
0.00970860 0.0
0.00891872 0.0
0.00365346 0.0
0.00943595 0.0
0.00807775 0.0
0.00788457 0.0
0.00428234 0.0
0.00509066 0.0
0.00407149 0.0
0.00400444 0.0
0.00396044 0.0
0.00964387 0.0
0.00573856 0.0
0.00778961 0.0
0.00562021 0.0
0.00324505 0.0
0.00685753 0.0
0.00944167 0.0
0.00439334 0.0
0.00300766 0.0
0.00719717 0.0
0.00680009 0.0
0.00980941 0.0
0.00775791 0.0
0.00742349 0.0
0.00311645 0.0
0.00444779 0.0
0.00628184 0.0
0.00227787 0.0
0.00957966 0.0
0.00259119 0.0
0.00998647 0.0
0.00849838 0.0
0.00424465 0.0
0.00942242 0.0
0.00657613 0.0
0.00212922 0.0
0.00370476 0.0
0.00966678 0.0
0.00420071 0.0
0.00570920 0.0
0.00362723 0.0
0.00384458 0.0
0.00944777 0.0
0.00941683 0.0
0.00746479 0.0
0.00269282 0.0
0.00627437 0.0
0.00690645 0.0
0.00508616 0.0
0.00728203 0.0
0.00410363 0.0
0.00988625 0.0
0.00709144 0.0
0.00986153 0.0
0.00730974 0.0
0.00820788 0.0
0.00430932 0.0
0.00359158 0.0
0.00848575 0.0
0.00388898 0.0
0.00418277 0.0
0.00847222 0.0
0.00238736 0.0
0.00642742 0.0
0.00789464 0.0
0.00696349 0.0
0.00655663 0.0
0.00959940 0.0
0.00663027 0.0
0.00875734 0.0
0.00530861 0.0
0.00825750 0.0
0.00260192 0.0
0.00475637 0.0
0.00767433 0.0
0.00806671 0.0
0.00544919 0.0
0.00394869 0.0
0.00497316 0.0
0.00853535 0.0
0.00923072 0.0
0.00707678 0.0
0.00842161 0.0
0.00632216 0.0
0.00693832 0.0
0.00573135 0.0
0.00453004 0.0
0.00924764 0.0
0.00732293 0.0
0.00301579 0.0
0.00313662 0.0
0.00950570 0.0
0.00948801 0.0
0.00352398 0.0
0.00593312 0.0
0.00738265 0.0
0.00848746 0.0
0.00248975 0.0
0.00698205 0.0
0.00511773 0.0
0.00924710 0.0
0.00229066 0.0
0.00337523 0.0
0.00984902 0.0
0.00504703 0.0
0.00904956 0.0
0.00791572 0.0
0.00849622 0.0
0.00299825 0.0
0.00288888 0.0
0.00703157 0.0
0.00222898 0.0
0.00796567 0.0
0.00545318 0.0
0.00655113 0.0
0.00490398 0.0
0.00918453 0.0
0.00908117 0.0
0.00415162 0.0
0.00650746 0.0
0.00209697 0.0
0.00528824 0.0
0.00601316 0.0
0.00958498 0.0
0.00681221 0.0
0.00994628 0.0
0.00696763 0.0
0.00529968 0.0
0.00243604 0.0
0.00394969 0.0
0.00841741 0.0
0.00968313 0.0
0.00424035 0.0
0.00979264 0.0
0.00953215 0.0
0.00728738 0.0
0.00884220 0.0
0.00744787 0.0
0.00578360 0.0
0.00984045 0.0
0.00833676 0.0
