300
0.00577445 0.0
0.00889827 0.0
0.00838025 0.0
0.00733562 0.0
0.00689261 0.0
0.00540881 0.0
0.00640496 0.0
0.00462880 0.0
0.00370035 0.0
0.00355041 0.0
0.00779884 0.0
0.00673071 0.0
0.00367749 0.0
0.00733406 0.0
0.00961841 0.0
0.00914833 0.0
0.00762944 0.0
0.00890591 0.0
0.00618473 0.0
0.00410047 0.0
0.00918616 0.0
0.00624984 0.0
0.00930528 0.0
0.00312398 0.0
0.00962559 0.0
0.00373065 0.0
0.00724088 0.0
0.00821472 0.0
0.00471848 0.0
0.00613364 0.0
0.00493704 0.0
0.00849294 0.0
0.00503191 0.0
0.00331729 0.0
0.00582856 0.0
0.00992452 0.0
0.00672609 0.0
0.00223352 0.0
0.00455333 0.0
0.00842644 0.0
0.00378393 0.0
0.00235216 0.0
0.00515715 0.0
0.00546142 0.0
0.00768623 0.0
0.00477556 0.0
0.00460975 0.0
0.00531566 0.0
0.00368147 0.0
0.00879448 0.0
0.00741614 0.0
0.00286764 0.0
0.00504432 0.0
0.00672142 0.0
0.00399162 0.0
0.00466991 0.0
0.00845207 0.0
0.00923250 0.0
0.00288463 0.0
0.00317056 0.0
0.00536614 0.0
0.00582167 0.0
0.00966349 0.0
0.00839805 0.0
0.00713895 0.0
0.00549205 0.0
0.00832258 0.0
0.00386504 0.0
0.00572557 0.0
0.00287590 0.0
0.00229148 0.0
0.00750950 0.0
0.00322807 0.0
0.00544863 0.0
0.00297092 0.0
0.00891429 0.0
0.00822419 0.0
0.00558067 0.0
0.00422996 0.0
0.00990566 0.0
0.00437516 0.0
0.00964609 0.0
0.00277330 0.0
0.00741948 0.0
0.00636752 0.0
0.00476492 0.0
0.00208939 0.0
0.00481959 0.0
0.00399742 0.0
0.00297402 0.0
0.00599015 0.0
0.00736357 0.0
0.00679569 0.0
0.00565364 0.0
0.00576162 0.0
0.00393464 0.0
0.00914569 0.0
0.00408420 0.0
0.00579968 0.0
0.00487126 0.0
0.00496010 0.0
0.00609117 0.0
0.00238077 0.0
0.00618817 0.0
0.00953980 0.0
0.00335169 0.0
0.00510246 0.0
0.00776399 0.0
0.00693236 0.0
0.00733242 0.0
0.00766966 0.0
0.00930752 0.0
0.00697851 0.0
0.00844296 0.0
0.00672700 0.0
0.00334603 0.0
0.00320788 0.0
0.00681638 0.0
0.00616562 0.0
0.00520530 0.0
0.00779040 0.0
0.00215576 0.0
0.00256887 0.0
0.00458609 0.0
0.00580940 0.0
0.00633048 0.0
0.00652072 0.0
0.00495510 0.0
0.00841468 0.0
0.00232040 0.0
0.00782636 0.0
0.00337478 0.0
0.00641157 0.0
0.00820713 0.0
0.00756295 0.0
0.00595137 0.0
0.00955882 0.0
0.00266540 0.0
0.00371536 0.0
0.00649118 0.0
0.00799782 0.0
0.00938502 0.0
0.00579870 0.0
0.00497633 0.0
0.00782798 0.0
0.00252570 0.0
0.00632236 0.0
0.00903585 0.0
0.00734208 0.0
0.00248797 0.0
0.00424115 0.0
0.00513248 0.0
0.00264374 0.0
0.00481002 0.0
0.00771856 0.0
0.00645314 0.0
0.00914050 0.0
0.00423929 0.0
0.00940823 0.0
0.00755519 0.0
0.00455969 0.0
0.00723459 0.0
0.00892997 0.0
0.00897126 0.0
0.00544172 0.0
0.00649291 0.0
0.00492263 0.0
0.00500054 0.0
0.00715831 0.0
0.00663800 0.0
0.00949172 0.0
0.00515613 0.0
0.00602302 0.0
0.00529042 0.0
0.00813246 0.0
0.00385099 0.0
0.00581612 0.0
0.00445482 0.0
0.00288685 0.0
0.00315820 0.0
0.00494279 0.0
0.00512800 0.0
0.00629068 0.0
0.00558652 0.0
0.00793802 0.0
0.00400924 0.0
0.00203966 0.0
0.00707853 0.0
0.00624853 0.0
0.00944790 0.0
0.00463371 0.0
0.00880822 0.0
0.00668249 0.0
0.00356368 0.0
0.00777948 0.0
0.00212422 0.0
0.00805659 0.0
0.00270212 0.0
0.00512476 0.0
0.00521490 0.0
0.00734012 0.0
0.00461648 0.0
0.00837104 0.0
0.00336313 0.0
0.00790690 0.0
0.00650350 0.0
0.00521413 0.0
0.00372302 0.0
0.00895831 0.0
0.00610098 0.0
0.00488122 0.0
0.00390110 0.0
0.00922898 0.0
0.00917189 0.0
0.00748763 0.0
0.00716700 0.0
0.00318113 0.0
0.00752729 0.0
0.00424553 0.0
0.00742966 0.0
0.00697519 0.0
0.00687924 0.0
0.00623788 0.0
0.00365768 0.0
0.00844292 0.0
0.00401736 0.0
0.00378190 0.0
0.00649951 0.0
0.00471948 0.0
0.00690665 0.0
0.00971441 0.0
0.00205960 0.0
0.00952313 0.0
0.00808545 0.0
0.00342273 0.0
0.00743003 0.0
0.00458894 0.0
0.00663686 0.0
0.00915305 0.0
0.00354726 0.0
0.00273783 0.0
0.00403427 0.0
0.00544836 0.0
0.00996681 0.0
0.00320616 0.0
0.00293599 0.0
0.00713382 0.0
0.00438729 0.0
0.00846328 0.0
0.00937935 0.0
0.00981694 0.0
0.00543847 0.0
0.00625859 0.0
0.00605482 0.0
0.00709615 0.0
0.00470151 0.0
0.00807218 0.0
0.00887805 0.0
0.00920102 0.0
0.00279166 0.0
0.00578470 0.0
0.00891543 0.0
0.00285126 0.0
0.00530783 0.0
0.00700088 0.0
0.00427399 0.0
0.00273786 0.0
0.00958982 0.0
0.00891085 0.0
0.00989091 0.0
0.00313708 0.0
0.00964868 0.0
0.00392518 0.0
0.00658544 0.0
0.00961550 0.0
0.00513134 0.0
0.00752143 0.0
0.00674931 0.0
0.00751862 0.0
0.00598470 0.0
0.00612866 0.0
0.00733557 0.0
0.00942317 0.0
0.00238725 0.0
0.00339039 0.0
0.00651932 0.0
0.00508876 0.0
0.00946257 0.0
0.00539737 0.0
0.00428978 0.0
0.00225424 0.0
0.00918207 0.0
0.00320521 0.0
0.00310550 0.0
0.00448990 0.0
0.00820609 0.0
0.00537949 0.0
0.00522776 0.0
0.00779591 0.0
0.00429033 0.0
