300
0.00445816 0.0
0.00291235 0.0
0.00524483 0.0
0.00279789 0.0
0.00462904 0.0
0.00543884 0.0
0.00764382 0.0
0.00962548 0.0
0.00617650 0.0
0.00837586 0.0
0.00308218 0.0
0.00592457 0.0
0.00761912 0.0
0.00544115 0.0
0.00835021 0.0
0.00720902 0.0
0.00720133 0.0
0.00721372 0.0
0.00667145 0.0
0.00213290 0.0
0.00700298 0.0
0.00861117 0.0
0.00630266 0.0
0.00909103 0.0
0.00484599 0.0
0.00318409 0.0
0.00863511 0.0
0.00479946 0.0
0.00222820 0.0
0.00933969 0.0
0.00750579 0.0
0.00468635 0.0
0.00225204 0.0
0.00275062 0.0
0.00548424 0.0
0.00488108 0.0
0.00618946 0.0
0.00312806 0.0
0.00450656 0.0
0.00236597 0.0
0.00950392 0.0
0.00558874 0.0
0.00629054 0.0
0.00712303 0.0
0.00902989 0.0
0.00464075 0.0
0.00433206 0.0
0.00623122 0.0
0.00985446 0.0
0.00900351 0.0
0.00636412 0.0
0.00685744 0.0
0.00761468 0.0
0.00266678 0.0
0.00594848 0.0
0.00246067 0.0
0.00385088 0.0
0.00458359 0.0
0.00526013 0.0
0.00407907 0.0
0.00392329 0.0
0.00276592 0.0
0.00676543 0.0
0.00417533 0.0
0.00351654 0.0
0.00224967 0.0
0.00705641 0.0
0.00770600 0.0
0.00337773 0.0
0.00956297 0.0
0.00807197 0.0
0.00288165 0.0
0.00515171 0.0
0.00436251 0.0
0.00800468 0.0
0.00418160 0.0
0.00700325 0.0
0.00233674 0.0
0.00841282 0.0
0.00685772 0.0
0.00934025 0.0
0.00477694 0.0
0.00371516 0.0
0.00695493 0.0
0.00544372 0.0
0.00766364 0.0
0.00741560 0.0
0.00729460 0.0
0.00224723 0.0
0.00267572 0.0
0.00937367 0.0
0.00417051 0.0
0.00344164 0.0
0.00613910 0.0
0.00634584 0.0
0.00495818 0.0
0.00638877 0.0
0.00340225 0.0
0.00266418 0.0
0.00776650 0.0
0.00296523 0.0
0.00873615 0.0
0.00864815 0.0
0.00611694 0.0
0.00309866 0.0
0.00665284 0.0
0.00829854 0.0
0.00810191 0.0
0.00698958 0.0
0.00671136 0.0
0.00495963 0.0
0.00632983 0.0
0.00948830 0.0
0.00667479 0.0
0.00328476 0.0
0.00493202 0.0
0.00433842 0.0
0.00870036 0.0
0.00222662 0.0
0.00458565 0.0
0.00937609 0.0
0.00960029 0.0
0.00675616 0.0
0.00281773 0.0
0.00573939 0.0
0.00310200 0.0
0.00577591 0.0
0.00212816 0.0
0.00450425 0.0
0.00644010 0.0
0.00789467 0.0
0.00546948 0.0
0.00517625 0.0
0.00654282 0.0
0.00958642 0.0
0.00627491 0.0
0.00319565 0.0
0.00788496 0.0
0.00437682 0.0
0.00818523 0.0
0.00459632 0.0
0.00733645 0.0
0.00451506 0.0
0.00408462 0.0
0.00401124 0.0
0.00579983 0.0
0.00701665 0.0
0.00634966 0.0
0.00450019 0.0
0.00724327 0.0
0.00893531 0.0
0.00387627 0.0
0.00684356 0.0
0.00569147 0.0
0.00469400 0.0
0.00258295 0.0
0.00679347 0.0
0.00846991 0.0
0.00271111 0.0
0.00929773 0.0
0.00491001 0.0
0.00860578 0.0
0.00476721 0.0
0.00808626 0.0
0.00514860 0.0
0.00435363 0.0
0.00436117 0.0
0.00634425 0.0
0.00223859 0.0
0.00673799 0.0
0.00452948 0.0
0.00483491 0.0
0.00407444 0.0
0.00704455 0.0
0.00691954 0.0
0.00608568 0.0
0.00284437 0.0
0.00393618 0.0
0.00243534 0.0
0.00534456 0.0
0.00917945 0.0
0.00937065 0.0
0.00722083 0.0
0.00602300 0.0
0.00506212 0.0
0.00991484 0.0
0.00660595 0.0
0.00985559 0.0
0.00838475 0.0
0.00731707 0.0
0.00915332 0.0
0.00329476 0.0
0.00592285 0.0
0.00392053 0.0
0.00938102 0.0
0.00907145 0.0
0.00627416 0.0
0.00374219 0.0
0.00541570 0.0
0.00651275 0.0
0.00848018 0.0
0.00794518 0.0
0.00934766 0.0
0.00255462 0.0
0.00498973 0.0
0.00626720 0.0
0.00664029 0.0
0.00583411 0.0
0.00820338 0.0
0.00707563 0.0
0.00917867 0.0
0.00738282 0.0
0.00644628 0.0
0.00639950 0.0
0.00340583 0.0
0.00950840 0.0
0.00631433 0.0
0.00801178 0.0
0.00936399 0.0
0.00469908 0.0
0.00532885 0.0
0.00851731 0.0
0.00599384 0.0
0.00925170 0.0
0.00243784 0.0
0.00537486 0.0
0.00832314 0.0
0.00671199 0.0
0.00711705 0.0
0.00373884 0.0
0.00322474 0.0
0.00559722 0.0
0.00968403 0.0
0.00257240 0.0
0.00615184 0.0
0.00467376 0.0
0.00683960 0.0
0.00279213 0.0
0.00850786 0.0
0.00504297 0.0
0.00786776 0.0
0.00768653 0.0
0.00242580 0.0
0.00431404 0.0
0.00408603 0.0
0.00383163 0.0
0.00382244 0.0
0.00840036 0.0
0.00984341 0.0
0.00318644 0.0
0.00309944 0.0
0.00517226 0.0
0.00970375 0.0
0.00709329 0.0
0.00442396 0.0
0.00214158 0.0
0.00246815 0.0
0.00274710 0.0
0.00685358 0.0
0.00758519 0.0
0.00448595 0.0
0.00807832 0.0
0.00318242 0.0
0.00416997 0.0
0.00865072 0.0
0.00733426 0.0
0.00684373 0.0
0.00549031 0.0
0.00812639 0.0
0.00535160 0.0
0.00853329 0.0
0.00599415 0.0
0.00303813 0.0
0.00895909 0.0
0.00830820 0.0
0.00512415 0.0
0.00279072 0.0
0.00213064 0.0
0.00352451 0.0
0.00263413 0.0
0.00331708 0.0
0.00462396 0.0
0.00580639 0.0
0.00302082 0.0
0.00971724 0.0
0.00823035 0.0
0.00316240 0.0
0.00218539 0.0
0.00897746 0.0
0.00801598 0.0
0.00777058 0.0
0.00346341 0.0
0.00609430 0.0
0.00895300 0.0
0.00563338 0.0
0.00474501 0.0
0.00628725 0.0
0.00247711 0.0
0.00823532 0.0
0.00441364 0.0
