300
0.00728539 0.0
0.00269496 0.0
0.00531633 0.0
0.00264099 0.0
0.00502657 0.0
0.00480686 0.0
0.00876054 0.0
0.00491112 0.0
0.00788813 0.0
0.00525950 0.0
0.00689331 0.0
0.00415473 0.0
0.00271102 0.0
0.00596470 0.0
0.00295011 0.0
0.00951565 0.0
0.00377490 0.0
0.00331359 0.0
0.00489114 0.0
0.00919193 0.0
0.00706559 0.0
0.00596678 0.0
0.00763892 0.0
0.00425139 0.0
0.00624001 0.0
0.00698703 0.0
0.00825310 0.0
0.00830485 0.0
0.00818955 0.0
0.00534170 0.0
0.00974642 0.0
0.00547494 0.0
0.00603666 0.0
0.00506276 0.0
0.00611593 0.0
0.00906323 0.0
0.00786962 0.0
0.00487647 0.0
0.00397436 0.0
0.00575775 0.0
0.00813598 0.0
0.00886766 0.0
0.00791248 0.0
0.00884699 0.0
0.00483237 0.0
0.00886259 0.0
0.00836264 0.0
0.00660726 0.0
0.00217618 0.0
0.00325378 0.0
0.00579920 0.0
0.00724177 0.0
0.00722056 0.0
0.00343812 0.0
0.00949315 0.0
0.00346057 0.0
0.00842515 0.0
0.00774626 0.0
0.00976541 0.0
0.00661470 0.0
0.00308796 0.0
0.00951183 0.0
0.00208964 0.0
0.00712462 0.0
0.00457459 0.0
0.00620557 0.0
0.00618785 0.0
0.00244421 0.0
0.00908204 0.0
0.00816221 0.0
0.00620197 0.0
0.00721802 0.0
0.00702987 0.0
0.00411445 0.0
0.00606501 0.0
0.00986224 0.0
0.00297704 0.0
0.00442765 0.0
0.00646950 0.0
0.00315322 0.0
0.00568143 0.0
0.00226870 0.0
0.00839498 0.0
0.00290199 0.0
0.00370682 0.0
0.00788814 0.0
0.00436256 0.0
0.00213197 0.0
0.00563439 0.0
0.00412797 0.0
0.00674667 0.0
0.00672235 0.0
0.00363980 0.0
0.00683632 0.0
0.00384696 0.0
0.00621440 0.0
0.00304189 0.0
0.00803481 0.0
0.00665861 0.0
0.00212393 0.0
0.00619702 0.0
0.00286058 0.0
0.00734195 0.0
0.00322689 0.0
0.00497503 0.0
0.00340696 0.0
0.00308913 0.0
0.00595207 0.0
0.00583461 0.0
0.00755864 0.0
0.00710529 0.0
0.00951605 0.0
0.00782734 0.0
0.00550027 0.0
0.00241804 0.0
0.00953416 0.0
0.00338841 0.0
0.00478060 0.0
0.00966613 0.0
0.00702280 0.0
0.00690857 0.0
0.00641280 0.0
0.00374515 0.0
0.00854837 0.0
0.00324912 0.0
0.00559211 0.0
0.00476277 0.0
0.00429101 0.0
0.00362693 0.0
0.00942138 0.0
0.00441494 0.0
0.00782395 0.0
0.00228195 0.0
0.00975689 0.0
0.00905084 0.0
0.00525698 0.0
0.00316385 0.0
0.00213997 0.0
0.00920905 0.0
0.00699846 0.0
0.00769861 0.0
0.00631434 0.0
0.00651450 0.0
0.00552594 0.0
0.00981461 0.0
0.00693254 0.0
0.00506010 0.0
0.00320301 0.0
0.00971314 0.0
0.00472623 0.0
0.00822581 0.0
0.00662171 0.0
0.00913903 0.0
0.00997096 0.0
0.00517009 0.0
0.00238815 0.0
0.00556307 0.0
0.00793285 0.0
0.00467916 0.0
0.00719000 0.0
0.00735423 0.0
0.00709410 0.0
0.00501395 0.0
0.00763618 0.0
0.00685099 0.0
0.00406479 0.0
0.00289316 0.0
0.00801483 0.0
0.00420476 0.0
0.00210221 0.0
0.00501329 0.0
0.00990337 0.0
0.00641655 0.0
0.00952780 0.0
0.00542932 0.0
0.00623116 0.0
0.00646034 0.0
0.00848942 0.0
0.00743417 0.0
0.00617349 0.0
0.00321565 0.0
0.00565998 0.0
0.00279520 0.0
0.00235468 0.0
0.00563095 0.0
0.00596529 0.0
0.00274284 0.0
0.00919402 0.0
0.00389814 0.0
0.00542200 0.0
0.00638402 0.0
0.00925237 0.0
0.00251610 0.0
0.00939797 0.0
0.00688856 0.0
0.00736708 0.0
0.00346277 0.0
0.00778172 0.0
0.00538192 0.0
0.00566753 0.0
0.00788393 0.0
0.00839521 0.0
0.00557090 0.0
0.00430048 0.0
0.00792300 0.0
0.00900022 0.0
0.00853164 0.0
0.00438334 0.0
0.00748964 0.0
0.00596581 0.0
0.00855683 0.0
0.00870529 0.0
0.00962579 0.0
0.00935203 0.0
0.00905997 0.0
0.00525674 0.0
0.00531732 0.0
0.00980280 0.0
0.00445076 0.0
0.00721546 0.0
0.00522480 0.0
0.00883479 0.0
0.00646783 0.0
0.00574090 0.0
0.00823276 0.0
0.00335639 0.0
0.00310798 0.0
0.00969553 0.0
0.00913811 0.0
0.00648990 0.0
0.00536306 0.0
0.00702204 0.0
0.00488510 0.0
0.00893396 0.0
0.00932252 0.0
0.00280811 0.0
0.00793418 0.0
0.00785416 0.0
0.00519145 0.0
0.00542382 0.0
0.00381997 0.0
0.00374828 0.0
0.00412911 0.0
0.00344577 0.0
0.00310031 0.0
0.00318908 0.0
0.00670251 0.0
0.00641763 0.0
0.00299188 0.0
0.00915327 0.0
0.00363308 0.0
0.00621668 0.0
0.00798806 0.0
0.00810091 0.0
0.00995758 0.0
0.00622082 0.0
0.00945730 0.0
0.00306556 0.0
0.00591634 0.0
0.00859541 0.0
0.00755546 0.0
0.00927940 0.0
0.00561745 0.0
0.00244056 0.0
0.00821336 0.0
0.00493997 0.0
0.00324866 0.0
0.00614754 0.0
0.00279414 0.0
0.00644011 0.0
0.00957136 0.0
0.00461411 0.0
0.00818839 0.0
0.00370047 0.0
0.00605988 0.0
0.00928871 0.0
0.00488955 0.0
0.00276238 0.0
0.00570633 0.0
0.00588143 0.0
0.00991565 0.0
0.00733942 0.0
0.00209811 0.0
0.00790371 0.0
0.00544033 0.0
0.00205569 0.0
0.00412452 0.0
0.00489763 0.0
0.00312125 0.0
0.00804087 0.0
0.00349304 0.0
0.00867671 0.0
0.00732027 0.0
0.00711048 0.0
0.00911727 0.0
0.00553363 0.0
0.00205046 0.0
0.00236593 0.0
0.00968118 0.0
0.00284459 0.0
