300
0.00289076 0.0
0.00960172 0.0
0.00316124 0.0
0.00536637 0.0
0.00305227 0.0
0.00582419 0.0
0.00649844 0.0
0.00758807 0.0
0.00348974 0.0
0.00241044 0.0
0.00370908 0.0
0.00923771 0.0
0.00429091 0.0
0.00932917 0.0
0.00799257 0.0
0.00786292 0.0
0.00284221 0.0
0.00290516 0.0
0.00990728 0.0
0.00707817 0.0
0.00902761 0.0
0.00445439 0.0
0.00832618 0.0
0.00720952 0.0
0.00445535 0.0
0.00487065 0.0
0.00946539 0.0
0.00858339 0.0
0.00576756 0.0
0.00633112 0.0
0.00658466 0.0
0.00665832 0.0
0.00593284 0.0
0.00774590 0.0
0.00202469 0.0
0.00698511 0.0
0.00357009 0.0
0.00652313 0.0
0.00457318 0.0
0.00505984 0.0
0.00693357 0.0
0.00628225 0.0
0.00429755 0.0
0.00922448 0.0
0.00561142 0.0
0.00229012 0.0
0.00708740 0.0
0.00645363 0.0
0.00319528 0.0
0.00699468 0.0
0.00353180 0.0
0.00222288 0.0
0.00944907 0.0
0.00985798 0.0
0.00743240 0.0
0.00390441 0.0
0.00472863 0.0
0.00689779 0.0
0.00248780 0.0
0.00849619 0.0
0.00322891 0.0
0.00707246 0.0
0.00515452 0.0
0.00716176 0.0
0.00481837 0.0
0.00517920 0.0
0.00414686 0.0
0.00638846 0.0
0.00970233 0.0
0.00672004 0.0
0.00944830 0.0
0.00663590 0.0
0.00300229 0.0
0.00374585 0.0
0.00586038 0.0
0.00661371 0.0
0.00403597 0.0
0.00294778 0.0
0.00306734 0.0
0.00523125 0.0
0.00794245 0.0
0.00459914 0.0
0.00545413 0.0
0.00739152 0.0
0.00445712 0.0
0.00288653 0.0
0.00929594 0.0
0.00718575 0.0
0.00778432 0.0
0.00978374 0.0
0.00568195 0.0
0.00901324 0.0
0.00685620 0.0
0.00883646 0.0
0.00617499 0.0
0.00967457 0.0
0.00401567 0.0
0.00832186 0.0
0.00606303 0.0
0.00371800 0.0
0.00504189 0.0
0.00551133 0.0
0.00835390 0.0
0.00604419 0.0
0.00725718 0.0
0.00421428 0.0
0.00265790 0.0
0.00929315 0.0
0.00516205 0.0
0.00372524 0.0
0.00452440 0.0
0.00310451 0.0
0.00632438 0.0
0.00797853 0.0
0.00849603 0.0
0.00878151 0.0
0.00886506 0.0
0.00779196 0.0
0.00596726 0.0
0.00664938 0.0
0.00757570 0.0
0.00964921 0.0
0.00566262 0.0
0.00443190 0.0
0.00848567 0.0
0.00983761 0.0
0.00410647 0.0
0.00250134 0.0
0.00815947 0.0
0.00816950 0.0
0.00421933 0.0
0.00320136 0.0
0.00368083 0.0
0.00257323 0.0
0.00724555 0.0
0.00893801 0.0
0.00478751 0.0
0.00790344 0.0
0.00823116 0.0
0.00794956 0.0
0.00962869 0.0
0.00275556 0.0
0.00905406 0.0
0.00595307 0.0
0.00873409 0.0
0.00755009 0.0
0.00473458 0.0
0.00759915 0.0
0.00534205 0.0
0.00870184 0.0
0.00424853 0.0
0.00291775 0.0
0.00835104 0.0
0.00791115 0.0
0.00534966 0.0
0.00683671 0.0
0.00774876 0.0
0.00745613 0.0
0.00733805 0.0
0.00590822 0.0
0.00562563 0.0
0.00955738 0.0
0.00710959 0.0
0.00730647 0.0
0.00213061 0.0
0.00435513 0.0
0.00624448 0.0
0.00491812 0.0
0.00225858 0.0
0.00447565 0.0
0.00286767 0.0
0.00988726 0.0
0.00523121 0.0
0.00992174 0.0
0.00584033 0.0
0.00396529 0.0
0.00747183 0.0
0.00857491 0.0
0.00956444 0.0
0.00281388 0.0
0.00727674 0.0
0.00381297 0.0
0.00373164 0.0
0.00562779 0.0
0.00972411 0.0
0.00708129 0.0
0.00246450 0.0
0.00747287 0.0
0.00453742 0.0
0.00780255 0.0
0.00338110 0.0
0.00816306 0.0
0.00735993 0.0
0.00849068 0.0
0.00546952 0.0
0.00749054 0.0
0.00284581 0.0
0.00971400 0.0
0.00240866 0.0
0.00310439 0.0
0.00418965 0.0
0.00327633 0.0
0.00299165 0.0
0.00742086 0.0
0.00319807 0.0
0.00683198 0.0
0.00938615 0.0
0.00866990 0.0
0.00540689 0.0
0.00895059 0.0
0.00948378 0.0
0.00268363 0.0
0.00276356 0.0
0.00321541 0.0
0.00631142 0.0
0.00248767 0.0
0.00829671 0.0
0.00677592 0.0
0.00796055 0.0
0.00283413 0.0
0.00457847 0.0
0.00934164 0.0
0.00899719 0.0
0.00993840 0.0
0.00783232 0.0
0.00446671 0.0
0.00742894 0.0
0.00867813 0.0
0.00418071 0.0
0.00783760 0.0
0.00978252 0.0
0.00637037 0.0
0.00911393 0.0
0.00277417 0.0
0.00379122 0.0
0.00231200 0.0
0.00760615 0.0
0.00317738 0.0
0.00898189 0.0
0.00301304 0.0
0.00212797 0.0
0.00846567 0.0
0.00369667 0.0
0.00289153 0.0
0.00968109 0.0
0.00800809 0.0
0.00337921 0.0
0.00797779 0.0
0.00478401 0.0
0.00933975 0.0
0.00881192 0.0
0.00736247 0.0
0.00868139 0.0
0.00780911 0.0
0.00730087 0.0
0.00651372 0.0
0.00227582 0.0
0.00472981 0.0
0.00519185 0.0
0.00445653 0.0
0.00256741 0.0
0.00497437 0.0
0.00882690 0.0
0.00968134 0.0
0.00574855 0.0
0.00261812 0.0
0.00999334 0.0
0.00335470 0.0
0.00379550 0.0
0.00897523 0.0
0.00436774 0.0
0.00392347 0.0
0.00744090 0.0
0.00606441 0.0
0.00481500 0.0
0.00712199 0.0
0.00407250 0.0
0.00619420 0.0
0.00509978 0.0
0.00685651 0.0
0.00553396 0.0
0.00391170 0.0
0.00421898 0.0
0.00421535 0.0
0.00972081 0.0
0.00951985 0.0
0.00872907 0.0
0.00999663 0.0
0.00424967 0.0
0.00392092 0.0
0.00445316 0.0
0.00481708 0.0
0.00689529 0.0
0.00328006 0.0
0.00449842 0.0
0.00264384 0.0
0.00389818 0.0
0.00449176 0.0
0.00399854 0.0
0.00569368 0.0
