300
0.00325887 0.0
0.00821477 0.0
0.00687820 0.0
0.00645316 0.0
0.00705149 0.0
0.00957987 0.0
0.00685116 0.0
0.00740720 0.0
0.00893036 0.0
0.00454766 0.0
0.00307527 0.0
0.00290978 0.0
0.00820388 0.0
0.00554774 0.0
0.00864368 0.0
0.00565148 0.0
0.00325950 0.0
0.00389594 0.0
0.00956879 0.0
0.00464761 0.0
0.00321548 0.0
0.00650219 0.0
0.00399965 0.0
0.00900545 0.0
0.00986090 0.0
0.00218700 0.0
0.00720204 0.0
0.00732330 0.0
0.00606962 0.0
0.00765345 0.0
0.00939453 0.0
0.00732849 0.0
0.00586822 0.0
0.00627273 0.0
0.00378165 0.0
0.00291971 0.0
0.00585260 0.0
0.00863281 0.0
0.00832691 0.0
0.00478295 0.0
0.00318046 0.0
0.00940218 0.0
0.00569274 0.0
0.00938434 0.0
0.00494992 0.0
0.00433642 0.0
0.00503583 0.0
0.00620942 0.0
0.00623235 0.0
0.00460462 0.0
0.00885703 0.0
0.00744783 0.0
0.00910681 0.0
0.00285668 0.0
0.00645328 0.0
0.00896771 0.0
0.00304368 0.0
0.00365532 0.0
0.00629102 0.0
0.00711330 0.0
0.00930877 0.0
0.00568554 0.0
0.00444179 0.0
0.00517699 0.0
0.00995827 0.0
0.00622344 0.0
0.00609670 0.0
0.00581087 0.0
0.00485625 0.0
0.00442361 0.0
0.00859382 0.0
0.00603671 0.0
0.00382579 0.0
0.00428656 0.0
0.00542105 0.0
0.00677571 0.0
0.00662298 0.0
0.00845688 0.0
0.00298513 0.0
0.00285533 0.0
0.00306150 0.0
0.00984216 0.0
0.00830317 0.0
0.00216831 0.0
0.00269883 0.0
0.00475645 0.0
0.00913602 0.0
0.00374252 0.0
0.00641177 0.0
0.00542704 0.0
0.00885582 0.0
0.00572055 0.0
0.00911259 0.0
0.00329761 0.0
0.00889754 0.0
0.00907086 0.0
0.00752105 0.0
0.00499424 0.0
0.00488173 0.0
0.00237730 0.0
0.00741785 0.0
0.00347555 0.0
0.00641402 0.0
0.00924364 0.0
0.00576211 0.0
0.00983507 0.0
0.00601935 0.0
0.00238509 0.0
0.00829195 0.0
0.00700448 0.0
0.00324042 0.0
0.00935345 0.0
0.00684663 0.0
0.00954359 0.0
0.00952175 0.0
0.00754547 0.0
0.00430004 0.0
0.00865778 0.0
0.00928799 0.0
0.00871182 0.0
0.00408482 0.0
0.00814381 0.0
0.00443236 0.0
0.00319741 0.0
0.00944142 0.0
0.00332991 0.0
0.00226827 0.0
0.00696247 0.0
0.00632415 0.0
0.00514999 0.0
0.00733978 0.0
0.00374200 0.0
0.00662554 0.0
0.00375379 0.0
0.00298564 0.0
0.00238765 0.0
0.00358887 0.0
0.00700499 0.0
0.00277274 0.0
0.00988081 0.0
0.00400947 0.0
0.00401317 0.0
0.00923426 0.0
0.00885610 0.0
0.00355676 0.0
0.00875601 0.0
0.00640157 0.0
0.00585680 0.0
0.00741379 0.0
0.00568956 0.0
0.00456862 0.0
0.00949861 0.0
0.00383337 0.0
0.00700098 0.0
0.00269602 0.0
0.00327478 0.0
0.00833089 0.0
0.00296429 0.0
0.00823726 0.0
0.00465504 0.0
0.00611428 0.0
0.00557704 0.0
0.00639704 0.0
0.00273982 0.0
0.00733083 0.0
0.00738268 0.0
0.00312748 0.0
0.00891970 0.0
0.00438767 0.0
0.00390022 0.0
0.00880051 0.0
0.00639714 0.0
0.00591339 0.0
0.00803477 0.0
0.00525324 0.0
0.00747015 0.0
0.00679078 0.0
0.00965482 0.0
0.00332696 0.0
0.00420457 0.0
0.00534438 0.0
0.00589558 0.0
0.00370319 0.0
0.00717774 0.0
0.00289656 0.0
0.00439921 0.0
0.00845253 0.0
0.00922745 0.0
0.00536349 0.0
0.00668978 0.0
0.00388249 0.0
0.00947777 0.0
0.00226682 0.0
0.00827952 0.0
0.00221760 0.0
0.00759765 0.0
0.00566220 0.0
0.00334508 0.0
0.00651735 0.0
0.00804987 0.0
0.00524530 0.0
0.00531786 0.0
0.00444701 0.0
0.00915869 0.0
0.00335262 0.0
0.00770025 0.0
0.00662885 0.0
0.00814341 0.0
0.00735507 0.0
0.00795581 0.0
0.00234798 0.0
0.00269945 0.0
0.00385139 0.0
0.00405116 0.0
0.00787719 0.0
0.00474795 0.0
0.00645037 0.0
0.00632971 0.0
0.00397540 0.0
0.00981386 0.0
0.00301950 0.0
0.00585789 0.0
0.00929164 0.0
0.00328632 0.0
0.00413742 0.0
0.00950924 0.0
0.00888397 0.0
0.00779962 0.0
0.00285432 0.0
0.00540132 0.0
0.00584949 0.0
0.00609962 0.0
0.00871917 0.0
0.00829650 0.0
0.00525831 0.0
0.00207180 0.0
0.00599675 0.0
0.00988716 0.0
0.00821520 0.0
0.00335182 0.0
0.00784297 0.0
0.00856318 0.0
0.00405127 0.0
0.00969436 0.0
0.00261435 0.0
0.00992846 0.0
0.00444231 0.0
0.00706472 0.0
0.00625817 0.0
0.00641771 0.0
0.00687858 0.0
0.00727767 0.0
0.00227561 0.0
0.00617022 0.0
0.00856399 0.0
0.00441303 0.0
0.00567946 0.0
0.00744797 0.0
0.00221264 0.0
0.00653377 0.0
0.00284928 0.0
0.00606213 0.0
0.00263339 0.0
0.00956846 0.0
0.00435863 0.0
0.00589170 0.0
0.00964026 0.0
0.00835539 0.0
0.00577886 0.0
0.00785546 0.0
0.00970721 0.0
0.00362183 0.0
0.00641865 0.0
0.00375848 0.0
0.00331619 0.0
0.00703299 0.0
0.00368694 0.0
0.00575850 0.0
0.00409771 0.0
0.00794512 0.0
0.00217621 0.0
0.00897629 0.0
0.00522279 0.0
0.00245182 0.0
0.00514651 0.0
0.00378678 0.0
0.00486484 0.0
0.00882597 0.0
0.00923475 0.0
0.00507749 0.0
0.00535974 0.0
0.00208404 0.0
0.00913962 0.0
0.00599313 0.0
0.00965250 0.0
0.00349825 0.0
0.00988483 0.0
0.00929275 0.0
0.00985364 0.0
0.00566369 0.0
