300
0.00848075 0.0
0.00994487 0.0
0.00981822 0.0
0.00489413 0.0
0.00473511 0.0
0.00789385 0.0
0.00707325 0.0
0.00685289 0.0
0.00494614 0.0
0.00957226 0.0
0.00953299 0.0
0.00229808 0.0
0.00325649 0.0
0.00484069 0.0
0.00448604 0.0
0.00580056 0.0
0.00691392 0.0
0.00243476 0.0
0.00878480 0.0
0.00261928 0.0
0.00714529 0.0
0.00758044 0.0
0.00609876 0.0
0.00221709 0.0
0.00634015 0.0
0.00941953 0.0
0.00708179 0.0
0.00352227 0.0
0.00413125 0.0
0.00200896 0.0
0.00834539 0.0
0.00261200 0.0
0.00995383 0.0
0.00816361 0.0
0.00550612 0.0
0.00468894 0.0
0.00605746 0.0
0.00257937 0.0
0.00954182 0.0
0.00900360 0.0
0.00215163 0.0
0.00907482 0.0
0.00930168 0.0
0.00340812 0.0
0.00391551 0.0
0.00378771 0.0
0.00720869 0.0
0.00882943 0.0
0.00422247 0.0
0.00599348 0.0
0.00944871 0.0
0.00936776 0.0
0.00357393 0.0
0.00554747 0.0
0.00958485 0.0
0.00791408 0.0
0.00496700 0.0
0.00666664 0.0
0.00943634 0.0
0.00709825 0.0
0.00667559 0.0
0.00778173 0.0
0.00771025 0.0
0.00662943 0.0
0.00594534 0.0
0.00321637 0.0
0.00931836 0.0
0.00200280 0.0
0.00379574 0.0
0.00886019 0.0
0.00900640 0.0
0.00394738 0.0
0.00793500 0.0
0.00830808 0.0
0.00535550 0.0
0.00985051 0.0
0.00209579 0.0
0.00256419 0.0
0.00867994 0.0
0.00431826 0.0
0.00655767 0.0
0.00812866 0.0
0.00368602 0.0
0.00813160 0.0
0.00367613 0.0
0.00327087 0.0
0.00604568 0.0
0.00664313 0.0
0.00793751 0.0
0.00548202 0.0
0.00374138 0.0
0.00461310 0.0
0.00326375 0.0
0.00945162 0.0
0.00924253 0.0
0.00720909 0.0
0.00266799 0.0
0.00856089 0.0
0.00721190 0.0
0.00446374 0.0
0.00742108 0.0
0.00621830 0.0
0.00641111 0.0
0.00535608 0.0
0.00452637 0.0
0.00976661 0.0
0.00520659 0.0
0.00462216 0.0
0.00233080 0.0
0.00388653 0.0
0.00694042 0.0
0.00688847 0.0
0.00201519 0.0
0.00862645 0.0
0.00502007 0.0
0.00369132 0.0
0.00989732 0.0
0.00906574 0.0
0.00833445 0.0
0.00783483 0.0
0.00454776 0.0
0.00207583 0.0
0.00244793 0.0
0.00581152 0.0
0.00952745 0.0
0.00969046 0.0
0.00302061 0.0
0.00219544 0.0
0.00825136 0.0
0.00823251 0.0
0.00465918 0.0
0.00567243 0.0
0.00445080 0.0
0.00907029 0.0
0.00902851 0.0
0.00697718 0.0
0.00883691 0.0
0.00423510 0.0
0.00959934 0.0
0.00916770 0.0
0.00612164 0.0
0.00653976 0.0
0.00605617 0.0
0.00613683 0.0
0.00516621 0.0
0.00907624 0.0
0.00782815 0.0
0.00506353 0.0
0.00814198 0.0
0.00616259 0.0
0.00289836 0.0
0.00268975 0.0
0.00623842 0.0
0.00334629 0.0
0.00650127 0.0
0.00576587 0.0
0.00303676 0.0
0.00752188 0.0
0.00596131 0.0
0.00928811 0.0
0.00575438 0.0
0.00862049 0.0
0.00496054 0.0
0.00820519 0.0
0.00769078 0.0
0.00398906 0.0
0.00518236 0.0
0.00652769 0.0
0.00622416 0.0
0.00478170 0.0
0.00569539 0.0
0.00234580 0.0
0.00932146 0.0
0.00975156 0.0
0.00648263 0.0
0.00448767 0.0
0.00882780 0.0
0.00431077 0.0
0.00755120 0.0
0.00696979 0.0
0.00847337 0.0
0.00844956 0.0
0.00765954 0.0
0.00471179 0.0
0.00979585 0.0
0.00416080 0.0
0.00847766 0.0
0.00283261 0.0
0.00968268 0.0
0.00443897 0.0
0.00212072 0.0
0.00543706 0.0
0.00305946 0.0
0.00508126 0.0
0.00364225 0.0
0.00875024 0.0
0.00707032 0.0
0.00682461 0.0
0.00527793 0.0
0.00329448 0.0
0.00960631 0.0
0.00897332 0.0
0.00364028 0.0
0.00892778 0.0
0.00872489 0.0
0.00812290 0.0
0.00341545 0.0
0.00755269 0.0
0.00243368 0.0
0.00896665 0.0
0.00452248 0.0
0.00890704 0.0
0.00741621 0.0
0.00218201 0.0
0.00361883 0.0
0.00721206 0.0
0.00434281 0.0
0.00209648 0.0
0.00804467 0.0
0.00402549 0.0
0.00453545 0.0
0.00816538 0.0
0.00746255 0.0
0.00559491 0.0
0.00324665 0.0
0.00910480 0.0
0.00434515 0.0
0.00831696 0.0
0.00592941 0.0
0.00762308 0.0
0.00961144 0.0
0.00553573 0.0
0.00659640 0.0
0.00325172 0.0
0.00446351 0.0
0.00532129 0.0
0.00937462 0.0
0.00587896 0.0
0.00287398 0.0
0.00980830 0.0
0.00484561 0.0
0.00539646 0.0
0.00871534 0.0
0.00226182 0.0
0.00557847 0.0
0.00233417 0.0
0.00747388 0.0
0.00792129 0.0
0.00243065 0.0
0.00551854 0.0
0.00994678 0.0
0.00496610 0.0
0.00368393 0.0
0.00740933 0.0
0.00856101 0.0
0.00493058 0.0
0.00651413 0.0
0.00290616 0.0
0.00324754 0.0
0.00244355 0.0
0.00852924 0.0
0.00285898 0.0
0.00597927 0.0
0.00512565 0.0
0.00411070 0.0
0.00844278 0.0
0.00844694 0.0
0.00348532 0.0
0.00432173 0.0
0.00932092 0.0
0.00329362 0.0
0.00716734 0.0
0.00471738 0.0
0.00200896 0.0
0.00742916 0.0
0.00829585 0.0
0.00234313 0.0
0.00490304 0.0
0.00621714 0.0
0.00277378 0.0
0.00842158 0.0
0.00616392 0.0
0.00573989 0.0
0.00210551 0.0
0.00357326 0.0
0.00430090 0.0
0.00503609 0.0
0.00808739 0.0
0.00520706 0.0
0.00628363 0.0
0.00853093 0.0
0.00373631 0.0
0.00714261 0.0
0.00451021 0.0
0.00686195 0.0
0.00925332 0.0
0.00295298 0.0
0.00530889 0.0
0.00273864 0.0
0.00527472 0.0
