200
0.00574031 0.0
0.00612400 0.0
0.00639534 0.0
0.00616575 0.0
0.00910261 0.0
0.00773972 0.0
0.00933730 0.0
0.00524770 0.0
0.00606969 0.0
0.00786833 0.0
0.00738914 0.0
0.00323332 0.0
0.00629500 0.0
0.00908839 0.0
0.00964966 0.0
0.00884872 0.0
0.00302916 0.0
0.00233465 0.0
0.00369276 0.0
0.00575946 0.0
0.00694409 0.0
0.00549204 0.0
0.00621929 0.0
0.00576938 0.0
0.00259033 0.0
0.00824024 0.0
0.00471816 0.0
0.00787571 0.0
0.00658217 0.0
0.00948358 0.0
0.00450960 0.0
0.00232248 0.0
0.00560758 0.0
0.00890494 0.0
0.00648823 0.0
0.00471019 0.0
0.00664466 0.0
0.00582552 0.0
0.00795789 0.0
0.00271435 0.0
0.00369386 0.0
0.00534703 0.0
0.00394767 0.0
0.00798886 0.0
0.00443542 0.0
0.00359733 0.0
0.00683757 0.0
0.00546458 0.0
0.00393198 0.0
0.00853034 0.0
0.00922404 0.0
0.00887607 0.0
0.00402237 0.0
0.00544333 0.0
0.00464545 0.0
0.00461271 0.0
0.00368357 0.0
0.00736362 0.0
0.00248842 0.0
0.00826574 0.0
0.00684719 0.0
0.00499802 0.0
0.00858821 0.0
0.00245477 0.0
0.00390296 0.0
0.00507644 0.0
0.00516496 0.0
0.00854762 0.0
0.00890196 0.0
0.00312286 0.0
0.00926197 0.0
0.00259582 0.0
0.00646989 0.0
0.00320965 0.0
0.00858467 0.0
0.00890531 0.0
0.00480698 0.0
0.00542225 0.0
0.00436989 0.0
0.00673897 0.0
0.00395258 0.0
0.00359393 0.0
0.00561504 0.0
0.00597496 0.0
0.00703725 0.0
0.00826050 0.0
0.00858766 0.0
0.00872082 0.0
0.00562411 0.0
0.00907608 0.0
0.00698656 0.0
0.00247131 0.0
0.00407410 0.0
0.00557477 0.0
0.00292608 0.0
0.00597706 0.0
0.00865121 0.0
0.00609104 0.0
0.00452468 0.0
0.00755317 0.0
0.00721390 0.0
0.00378666 0.0
0.00814899 0.0
0.00368378 0.0
0.00499630 0.0
0.00673366 0.0
0.00258909 0.0
0.00780329 0.0
0.00215591 0.0
0.00495898 0.0
0.00454225 0.0
0.00410849 0.0
0.00655291 0.0
0.00815729 0.0
0.00808345 0.0
0.00359016 0.0
0.00641779 0.0
0.00667111 0.0
0.00231098 0.0
0.00204190 0.0
0.00574719 0.0
0.00729754 0.0
0.00251321 0.0
0.00782130 0.0
0.00287231 0.0
0.00343929 0.0
0.00379836 0.0
0.00952351 0.0
0.00753033 0.0
0.00632304 0.0
0.00707668 0.0
0.00474423 0.0
0.00810970 0.0
0.00522567 0.0
0.00642802 0.0
0.00310600 0.0
0.00995933 0.0
0.00701711 0.0
0.00890929 0.0
0.00211523 0.0
0.00997609 0.0
0.00345154 0.0
0.00422373 0.0
0.00652900 0.0
0.00960884 0.0
0.00230718 0.0
0.00811916 0.0
0.00602663 0.0
0.00697829 0.0
0.00843014 0.0
0.00606853 0.0
0.00272548 0.0
0.00572768 0.0
0.00658174 0.0
0.00854678 0.0
0.00659998 0.0
0.00802103 0.0
0.00234514 0.0
0.00612349 0.0
0.00555137 0.0
0.00666818 0.0
0.00320017 0.0
0.00829560 0.0
0.00477787 0.0
0.00642584 0.0
0.00472362 0.0
0.00588387 0.0
0.00638516 0.0
0.00974073 0.0
0.00479316 0.0
0.00650040 0.0
0.00971683 0.0
0.00624470 0.0
0.00872413 0.0
0.00624582 0.0
0.00585354 0.0
0.00903131 0.0
0.00436498 0.0
0.00988016 0.0
0.00600960 0.0
0.00279512 0.0
0.00594869 0.0
0.00673508 0.0
0.00652280 0.0
0.00253043 0.0
0.00528186 0.0
0.00312278 0.0
0.00855147 0.0
0.00562700 0.0
0.00724627 0.0
0.00410284 0.0
0.00229517 0.0
0.00844645 0.0
0.00239844 0.0
0.00507304 0.0
0.00487229 0.0
0.00512206 0.0
0.00895692 0.0
0.00925745 0.0
0.00486279 0.0
