200
0.00307048 0.0
0.00784200 0.0
0.00906978 0.0
0.00383272 0.0
0.00564517 0.0
0.00913598 0.0
0.00552397 0.0
0.00336059 0.0
0.00654244 0.0
0.00780498 0.0
0.00758441 0.0
0.00963244 0.0
0.00897404 0.0
0.00762311 0.0
0.00601490 0.0
0.00886235 0.0
0.00622613 0.0
0.00346743 0.0
0.00414459 0.0
0.00908394 0.0
0.00406621 0.0
0.00476302 0.0
0.00773129 0.0
0.00559294 0.0
0.00912254 0.0
0.00790270 0.0
0.00789817 0.0
0.00546382 0.0
0.00389647 0.0
0.00361488 0.0
0.00609050 0.0
0.00496695 0.0
0.00945688 0.0
0.00516028 0.0
0.00679966 0.0
0.00510205 0.0
0.00429625 0.0
0.00232363 0.0
0.00646264 0.0
0.00883870 0.0
0.00812861 0.0
0.00404705 0.0
0.00847113 0.0
0.00710266 0.0
0.00967016 0.0
0.00448603 0.0
0.00596501 0.0
0.00589629 0.0
0.00595346 0.0
0.00810960 0.0
0.00498023 0.0
0.00801967 0.0
0.00287262 0.0
0.00271152 0.0
0.00361261 0.0
0.00999516 0.0
0.00861422 0.0
0.00951078 0.0
0.00545898 0.0
0.00251068 0.0
0.00312566 0.0
0.00954947 0.0
0.00547763 0.0
0.00258255 0.0
0.00470975 0.0
0.00227729 0.0
0.00568460 0.0
0.00700600 0.0
0.00260092 0.0
0.00214724 0.0
0.00584470 0.0
0.00872953 0.0
0.00419429 0.0
0.00431583 0.0
0.00583219 0.0
0.00386444 0.0
0.00680186 0.0
0.00979720 0.0
0.00776073 0.0
0.00275532 0.0
0.00790680 0.0
0.00274096 0.0
0.00877499 0.0
0.00877941 0.0
0.00345248 0.0
0.00238760 0.0
0.00877457 0.0
0.00206670 0.0
0.00989838 0.0
0.00423355 0.0
0.00257738 0.0
0.00302404 0.0
0.00378302 0.0
0.00605501 0.0
0.00360659 0.0
0.00649277 0.0
0.00633230 0.0
0.00729118 0.0
0.00349877 0.0
0.00693322 0.0
0.00743842 0.0
0.00734347 0.0
0.00566276 0.0
0.00963270 0.0
0.00965930 0.0
0.00949495 0.0
0.00349715 0.0
0.00646116 0.0
0.00929215 0.0
0.00925788 0.0
0.00721648 0.0
0.00719895 0.0
0.00999884 0.0
0.00599147 0.0
0.00597836 0.0
0.00345133 0.0
0.00637907 0.0
0.00475293 0.0
0.00351802 0.0
0.00627745 0.0
0.00698648 0.0
0.00409541 0.0
0.00730149 0.0
0.00876950 0.0
0.00815042 0.0
0.00890808 0.0
0.00526226 0.0
0.00448272 0.0
0.00619926 0.0
0.00676103 0.0
0.00941594 0.0
0.00363768 0.0
0.00410450 0.0
0.00507870 0.0
0.00327038 0.0
0.00376380 0.0
0.00457365 0.0
0.00476753 0.0
0.00822496 0.0
0.00386580 0.0
0.00402541 0.0
0.00544145 0.0
0.00906475 0.0
0.00402426 0.0
0.00943292 0.0
0.00504311 0.0
0.00547558 0.0
0.00581200 0.0
0.00779604 0.0
0.00699361 0.0
0.00208945 0.0
0.00478252 0.0
0.00908901 0.0
0.00739094 0.0
0.00355201 0.0
0.00723943 0.0
0.00629902 0.0
0.00681428 0.0
0.00972215 0.0
0.00249828 0.0
0.00357531 0.0
0.00913809 0.0
0.00413596 0.0
0.00567981 0.0
0.00421680 0.0
0.00540634 0.0
0.00744361 0.0
0.00679045 0.0
0.00817387 0.0
0.00566857 0.0
0.00865625 0.0
0.00219929 0.0
0.00911002 0.0
0.00772100 0.0
0.00422354 0.0
0.00854295 0.0
0.00276411 0.0
0.00769912 0.0
0.00435494 0.0
0.00856014 0.0
0.00469273 0.0
0.00444439 0.0
0.00334266 0.0
0.00378174 0.0
0.00983533 0.0
0.00489467 0.0
0.00902118 0.0
0.00613434 0.0
0.00970895 0.0
0.00874333 0.0
0.00663262 0.0
0.00328426 0.0
0.00788142 0.0
0.00876858 0.0
0.00696407 0.0
0.00209822 0.0
0.00417493 0.0
0.00440768 0.0
0.00688867 0.0
0.00234880 0.0
