200
0.00269423 0.0
0.00551467 0.0
0.00225985 0.0
0.00279219 0.0
0.00714210 0.0
0.00809579 0.0
0.00815151 0.0
0.00477293 0.0
0.00421563 0.0
0.00375004 0.0
0.00852031 0.0
0.00904296 0.0
0.00838262 0.0
0.00586688 0.0
0.00225478 0.0
0.00611285 0.0
0.00480406 0.0
0.00638032 0.0
0.00530865 0.0
0.00288709 0.0
0.00392580 0.0
0.00813713 0.0
0.00959331 0.0
0.00908257 0.0
0.00872679 0.0
0.00252290 0.0
0.00822723 0.0
0.00403160 0.0
0.00796823 0.0
0.00698481 0.0
0.00367672 0.0
0.00866246 0.0
0.00249948 0.0
0.00393656 0.0
0.00945465 0.0
0.00764158 0.0
0.00203236 0.0
0.00760616 0.0
0.00241451 0.0
0.00424799 0.0
0.00935620 0.0
0.00893483 0.0
0.00329094 0.0
0.00773882 0.0
0.00480170 0.0
0.00354572 0.0
0.00385167 0.0
0.00760576 0.0
0.00792605 0.0
0.00716033 0.0
0.00849285 0.0
0.00985184 0.0
0.00529745 0.0
0.00808616 0.0
0.00893441 0.0
0.00402424 0.0
0.00860906 0.0
0.00716164 0.0
0.00605583 0.0
0.00657729 0.0
0.00414645 0.0
0.00773255 0.0
0.00523975 0.0
0.00464592 0.0
0.00966912 0.0
0.00469440 0.0
0.00228750 0.0
0.00970147 0.0
0.00230056 0.0
0.00270202 0.0
0.00394946 0.0
0.00965676 0.0
0.00963685 0.0
0.00524040 0.0
0.00739558 0.0
0.00443855 0.0
0.00678612 0.0
0.00924725 0.0
0.00204431 0.0
0.00471217 0.0
0.00640758 0.0
0.00853717 0.0
0.00456401 0.0
0.00970503 0.0
0.00662333 0.0
0.00349843 0.0
0.00372926 0.0
0.00523239 0.0
0.00866007 0.0
0.00778510 0.0
0.00980968 0.0
0.00280652 0.0
0.00551765 0.0
0.00504944 0.0
0.00545244 0.0
0.00518676 0.0
0.00774383 0.0
0.00573994 0.0
0.00488824 0.0
0.00804439 0.0
0.00644196 0.0
0.00683770 0.0
0.00770115 0.0
0.00607881 0.0
0.00207810 0.0
0.00509673 0.0
0.00851736 0.0
0.00686422 0.0
0.00434398 0.0
0.00856167 0.0
0.00957639 0.0
0.00875156 0.0
0.00709884 0.0
0.00414041 0.0
0.00845658 0.0
0.00372217 0.0
0.00563884 0.0
0.00218585 0.0
0.00695456 0.0
0.00429890 0.0
0.00797095 0.0
0.00676424 0.0
0.00510542 0.0
0.00348860 0.0
0.00981368 0.0
0.00855786 0.0
0.00667536 0.0
0.00755751 0.0
0.00429780 0.0
0.00956360 0.0
0.00560191 0.0
0.00873976 0.0
0.00640130 0.0
0.00330306 0.0
0.00481857 0.0
0.00647940 0.0
0.00639979 0.0
0.00333592 0.0
0.00334362 0.0
0.00874377 0.0
0.00989759 0.0
0.00292002 0.0
0.00749533 0.0
0.00699643 0.0
0.00506042 0.0
0.00595191 0.0
0.00871860 0.0
0.00869926 0.0
0.00613776 0.0
0.00567316 0.0
0.00299816 0.0
0.00410871 0.0
0.00243740 0.0
0.00610358 0.0
0.00559731 0.0
0.00225108 0.0
0.00466144 0.0
0.00227267 0.0
0.00780859 0.0
0.00695924 0.0
0.00983627 0.0
0.00341050 0.0
0.00569900 0.0
0.00623757 0.0
0.00471356 0.0
0.00851756 0.0
0.00271697 0.0
0.00911335 0.0
0.00985349 0.0
0.00406059 0.0
0.00785712 0.0
0.00975108 0.0
0.00498060 0.0
0.00535245 0.0
0.00674751 0.0
0.00804103 0.0
0.00930436 0.0
0.00546610 0.0
0.00674029 0.0
0.00544213 0.0
0.00913926 0.0
0.00773845 0.0
0.00755084 0.0
0.00957666 0.0
0.00384203 0.0
0.00314815 0.0
0.00982774 0.0
0.00650347 0.0
0.00342082 0.0
0.00763633 0.0
0.00346271 0.0
0.00325709 0.0
0.00904683 0.0
0.00716171 0.0
0.00749466 0.0
0.00376039 0.0
0.00567928 0.0
0.00821162 0.0
0.00287374 0.0
0.00553276 0.0
