200
0.00295525 0.0
0.00777208 0.0
0.00693534 0.0
0.00733423 0.0
0.00494245 0.0
0.00258167 0.0
0.00513322 0.0
0.00412356 0.0
0.00942528 0.0
0.00912613 0.0
0.00924194 0.0
0.00797744 0.0
0.00948224 0.0
0.00893946 0.0
0.00336275 0.0
0.00592101 0.0
0.00415762 0.0
0.00926419 0.0
0.00407723 0.0
0.00538283 0.0
0.00918546 0.0
0.00748385 0.0
0.00478387 0.0
0.00480002 0.0
0.00464462 0.0
0.00763275 0.0
0.00954624 0.0
0.00260989 0.0
0.00874978 0.0
0.00242564 0.0
0.00317079 0.0
0.00970503 0.0
0.00819772 0.0
0.00810613 0.0
0.00703927 0.0
0.00314018 0.0
0.00868780 0.0
0.00217249 0.0
0.00526373 0.0
0.00811308 0.0
0.00929862 0.0
0.00450567 0.0
0.00609051 0.0
0.00878086 0.0
0.00344513 0.0
0.00745326 0.0
0.00470187 0.0
0.00560275 0.0
0.00671744 0.0
0.00677910 0.0
0.00898558 0.0
0.00590291 0.0
0.00426295 0.0
0.00376945 0.0
0.00870292 0.0
0.00690757 0.0
0.00940220 0.0
0.00824917 0.0
0.00751746 0.0
0.00815199 0.0
0.00867480 0.0
0.00868825 0.0
0.00785702 0.0
0.00687253 0.0
0.00679437 0.0
0.00489629 0.0
0.00801270 0.0
0.00548217 0.0
0.00506878 0.0
0.00327643 0.0
0.00359525 0.0
0.00436740 0.0
0.00578210 0.0
0.00768576 0.0
0.00314826 0.0
0.00722723 0.0
0.00513902 0.0
0.00585013 0.0
0.00282998 0.0
0.00985646 0.0
0.00262923 0.0
0.00981556 0.0
0.00575937 0.0
0.00489219 0.0
0.00358501 0.0
0.00446229 0.0
0.00979976 0.0
0.00298721 0.0
0.00271146 0.0
0.00731722 0.0
0.00913920 0.0
0.00938626 0.0
0.00600546 0.0
0.00699622 0.0
0.00625879 0.0
0.00279984 0.0
0.00989250 0.0
0.00427149 0.0
0.00628201 0.0
0.00496128 0.0
0.00554792 0.0
0.00787726 0.0
0.00732868 0.0
0.00933002 0.0
0.00556301 0.0
0.00847694 0.0
0.00655725 0.0
0.00870203 0.0
0.00432707 0.0
0.00738723 0.0
0.00855849 0.0
0.00495630 0.0
0.00720278 0.0
0.00431785 0.0
0.00784849 0.0
0.00878779 0.0
0.00678014 0.0
0.00764824 0.0
0.00977500 0.0
0.00749160 0.0
0.00496546 0.0
0.00891420 0.0
0.00687786 0.0
0.00897092 0.0
0.00591041 0.0
0.00313665 0.0
0.00977076 0.0
0.00580291 0.0
0.00540813 0.0
0.00605277 0.0
0.00876419 0.0
0.00895605 0.0
0.00393002 0.0
0.00609287 0.0
0.00828607 0.0
0.00749304 0.0
0.00456981 0.0
0.00484333 0.0
0.00619507 0.0
0.00689688 0.0
0.00223056 0.0
0.00475356 0.0
0.00985318 0.0
0.00743334 0.0
0.00707141 0.0
0.00770166 0.0
0.00622113 0.0
0.00385155 0.0
0.00534990 0.0
0.00599614 0.0
0.00934316 0.0
0.00831536 0.0
0.00491033 0.0
0.00622102 0.0
0.00728628 0.0
0.00882075 0.0
0.00735766 0.0
0.00705704 0.0
0.00462366 0.0
0.00276580 0.0
0.00310981 0.0
0.00338785 0.0
0.00972185 0.0
0.00503983 0.0
0.00748073 0.0
0.00800792 0.0
0.00253287 0.0
0.00205053 0.0
0.00285125 0.0
0.00672794 0.0
0.00694741 0.0
0.00308181 0.0
0.00948150 0.0
0.00680059 0.0
0.00851515 0.0
0.00655291 0.0
0.00450225 0.0
0.00473628 0.0
0.00840446 0.0
0.00785215 0.0
0.00873242 0.0
0.00774762 0.0
0.00616751 0.0
0.00364275 0.0
0.00396863 0.0
0.00345379 0.0
0.00246350 0.0
0.00932630 0.0
0.00851084 0.0
0.00508716 0.0
0.00209209 0.0
0.00962065 0.0
0.00647501 0.0
0.00981394 0.0
0.00466048 0.0
0.00395573 0.0
0.00782187 0.0
0.00519335 0.0
0.00400627 0.0
0.00867312 0.0
