200
0.00713213 0.0
0.00797474 0.0
0.00507126 0.0
0.00874561 0.0
0.00498098 0.0
0.00369120 0.0
0.00864081 0.0
0.00285629 0.0
0.00981105 0.0
0.00427466 0.0
0.00233046 0.0
0.00382875 0.0
0.00664737 0.0
0.00300549 0.0
0.00792107 0.0
0.00557470 0.0
0.00746239 0.0
0.00462937 0.0
0.00835162 0.0
0.00617306 0.0
0.00551757 0.0
0.00805047 0.0
0.00242727 0.0
0.00380589 0.0
0.00254656 0.0
0.00800386 0.0
0.00547349 0.0
0.00634305 0.0
0.00722796 0.0
0.00842998 0.0
0.00982670 0.0
0.00436009 0.0
0.00640472 0.0
0.00489796 0.0
0.00310571 0.0
0.00938571 0.0
0.00658916 0.0
0.00974652 0.0
0.00224199 0.0
0.00640021 0.0
0.00402118 0.0
0.00257245 0.0
0.00822897 0.0
0.00866854 0.0
0.00357795 0.0
0.00615003 0.0
0.00424325 0.0
0.00904034 0.0
0.00877941 0.0
0.00259486 0.0
0.00521340 0.0
0.00429698 0.0
0.00864533 0.0
0.00564067 0.0
0.00610287 0.0
0.00919189 0.0
0.00364454 0.0
0.00957636 0.0
0.00553494 0.0
0.00887250 0.0
0.00800634 0.0
0.00536164 0.0
0.00323259 0.0
0.00441106 0.0
0.00825960 0.0
0.00433830 0.0
0.00379677 0.0
0.00484876 0.0
0.00408482 0.0
0.00403876 0.0
0.00924897 0.0
0.00610599 0.0
0.00461121 0.0
0.00747793 0.0
0.00477454 0.0
0.00618916 0.0
0.00362797 0.0
0.00701778 0.0
0.00522950 0.0
0.00240737 0.0
0.00761264 0.0
0.00844290 0.0
0.00470435 0.0
0.00625797 0.0
0.00408357 0.0
0.00880722 0.0
0.00544986 0.0
0.00572811 0.0
0.00838358 0.0
0.00898480 0.0
0.00460061 0.0
0.00638992 0.0
0.00434644 0.0
0.00583319 0.0
0.00880098 0.0
0.00260603 0.0
0.00817149 0.0
0.00259775 0.0
0.00545479 0.0
0.00225631 0.0
0.00463651 0.0
0.00470376 0.0
0.00636230 0.0
0.00724772 0.0
0.00218169 0.0
0.00913683 0.0
0.00343688 0.0
0.00380966 0.0
0.00615461 0.0
0.00666638 0.0
0.00421703 0.0
0.00376726 0.0
0.00510927 0.0
0.00692138 0.0
0.00802523 0.0
0.00719285 0.0
0.00572860 0.0
0.00347509 0.0
0.00292096 0.0
0.00411217 0.0
0.00245989 0.0
0.00552156 0.0
0.00850209 0.0
0.00480632 0.0
0.00935476 0.0
0.00730307 0.0
0.00541236 0.0
0.00752625 0.0
0.00790082 0.0
0.00886715 0.0
0.00778255 0.0
0.00253733 0.0
0.00357091 0.0
0.00414485 0.0
0.00778505 0.0
0.00375260 0.0
0.00328168 0.0
0.00922193 0.0
0.00556226 0.0
0.00743630 0.0
0.00588830 0.0
0.00777929 0.0
0.00920356 0.0
0.00899758 0.0
0.00470067 0.0
0.00722879 0.0
0.00619043 0.0
0.00842926 0.0
0.00870388 0.0
0.00711138 0.0
0.00254144 0.0
0.00916376 0.0
0.00263295 0.0
0.00904353 0.0
0.00397008 0.0
0.00998770 0.0
0.00634660 0.0
0.00738244 0.0
0.00751395 0.0
0.00424742 0.0
0.00624959 0.0
0.00529650 0.0
0.00478475 0.0
0.00782049 0.0
0.00744136 0.0
0.00256980 0.0
0.00957309 0.0
0.00872304 0.0
0.00979173 0.0
0.00513535 0.0
0.00615934 0.0
0.00568003 0.0
0.00291463 0.0
0.00536289 0.0
0.00467761 0.0
0.00561530 0.0
0.00259168 0.0
0.00886804 0.0
0.00404457 0.0
0.00929556 0.0
0.00597942 0.0
0.00458600 0.0
0.00845932 0.0
0.00661236 0.0
0.00362953 0.0
0.00242940 0.0
0.00660007 0.0
0.00797613 0.0
0.00781184 0.0
0.00411402 0.0
0.00222355 0.0
0.00406143 0.0
0.00741052 0.0
0.00500831 0.0
0.00988192 0.0
0.00485188 0.0
0.00557810 0.0
0.00945501 0.0
0.00357492 0.0
0.00536983 0.0
