200
0.00906937 0.0
0.00719546 0.0
0.00742103 0.0
0.00487696 0.0
0.00491885 0.0
0.00888480 0.0
0.00857565 0.0
0.00594217 0.0
0.00520100 0.0
0.00410839 0.0
0.00759197 0.0
0.00496912 0.0
0.00976447 0.0
0.00247857 0.0
0.00975158 0.0
0.00451646 0.0
0.00950729 0.0
0.00975362 0.0
0.00486523 0.0
0.00803333 0.0
0.00258436 0.0
0.00626641 0.0
0.00794270 0.0
0.00964634 0.0
0.00606839 0.0
0.00574799 0.0
0.00882768 0.0
0.00784324 0.0
0.00224147 0.0
0.00220590 0.0
0.00964602 0.0
0.00931083 0.0
0.00740136 0.0
0.00706705 0.0
0.00418779 0.0
0.00232021 0.0
0.00595184 0.0
0.00276344 0.0
0.00626238 0.0
0.00915284 0.0
0.00487182 0.0
0.00385435 0.0
0.00412196 0.0
0.00463629 0.0
0.00433292 0.0
0.00387354 0.0
0.00715275 0.0
0.00384021 0.0
0.00362716 0.0
0.00201798 0.0
0.00987355 0.0
0.00421152 0.0
0.00628440 0.0
0.00781625 0.0
0.00385786 0.0
0.00235278 0.0
0.00356424 0.0
0.00268554 0.0
0.00819602 0.0
0.00380571 0.0
0.00289144 0.0
0.00784204 0.0
0.00311654 0.0
0.00829280 0.0
0.00490909 0.0
0.00530433 0.0
0.00861301 0.0
0.00886093 0.0
0.00606777 0.0
0.00487539 0.0
0.00801378 0.0
0.00893960 0.0
0.00672973 0.0
0.00213574 0.0
0.00357589 0.0
0.00906266 0.0
0.00400928 0.0
0.00872863 0.0
0.00290287 0.0
0.00563644 0.0
0.00874662 0.0
0.00277641 0.0
0.00784796 0.0
0.00503102 0.0
0.00859266 0.0
0.00970582 0.0
0.00538380 0.0
0.00215690 0.0
0.00239135 0.0
0.00357982 0.0
0.00396261 0.0
0.00328279 0.0
0.00942186 0.0
0.00507915 0.0
0.00957559 0.0
0.00433095 0.0
0.00838348 0.0
0.00818860 0.0
0.00319188 0.0
0.00445125 0.0
0.00306399 0.0
0.00920566 0.0
0.00339085 0.0
0.00779372 0.0
0.00934140 0.0
0.00496673 0.0
0.00685638 0.0
0.00335068 0.0
0.00369537 0.0
0.00775924 0.0
0.00698712 0.0
0.00244199 0.0
0.00853565 0.0
0.00483507 0.0
0.00547300 0.0
0.00712832 0.0
0.00454089 0.0
0.00885680 0.0
0.00728522 0.0
0.00493224 0.0
0.00243662 0.0
0.00924783 0.0
0.00621504 0.0
0.00985848 0.0
0.00432698 0.0
0.00579063 0.0
0.00418943 0.0
0.00271047 0.0
0.00397923 0.0
0.00538132 0.0
0.00516172 0.0
0.00504322 0.0
0.00458697 0.0
0.00655257 0.0
0.00283694 0.0
0.00392837 0.0
0.00951930 0.0
0.00769331 0.0
0.00527905 0.0
0.00321467 0.0
0.00545256 0.0
0.00226617 0.0
0.00365666 0.0
0.00398821 0.0
0.00510124 0.0
0.00712966 0.0
0.00911653 0.0
0.00764213 0.0
0.00598647 0.0
0.00640175 0.0
0.00257437 0.0
0.00642309 0.0
0.00564958 0.0
0.00678941 0.0
0.00628158 0.0
0.00797656 0.0
0.00258004 0.0
0.00847101 0.0
0.00868702 0.0
0.00455927 0.0
0.00385233 0.0
0.00384874 0.0
0.00760249 0.0
0.00643930 0.0
0.00840131 0.0
0.00843943 0.0
0.00836767 0.0
0.00792061 0.0
0.00613275 0.0
0.00364672 0.0
0.00913528 0.0
0.00958530 0.0
0.00391289 0.0
0.00279194 0.0
0.00357351 0.0
0.00701412 0.0
0.00792161 0.0
0.00269004 0.0
0.00465625 0.0
0.00390807 0.0
0.00709179 0.0
0.00523063 0.0
0.00833116 0.0
0.00274136 0.0
0.00202004 0.0
0.00461274 0.0
0.00871792 0.0
0.00260008 0.0
0.00308375 0.0
0.00740495 0.0
0.00515935 0.0
0.00493607 0.0
0.00925369 0.0
0.00276184 0.0
0.00937537 0.0
0.00765500 0.0
0.00920128 0.0
0.00774304 0.0
0.00557561 0.0
0.00533403 0.0
