200
0.00644458 0.0
0.00353802 0.0
0.00917014 0.0
0.00948047 0.0
0.00898456 0.0
0.00389446 0.0
0.00801751 0.0
0.00248642 0.0
0.00965292 0.0
0.00776000 0.0
0.00789692 0.0
0.00490858 0.0
0.00600489 0.0
0.00489765 0.0
0.00908835 0.0
0.00578456 0.0
0.00745125 0.0
0.00362958 0.0
0.00700262 0.0
0.00759460 0.0
0.00840009 0.0
0.00284235 0.0
0.00514255 0.0
0.00574153 0.0
0.00670800 0.0
0.00602018 0.0
0.00331428 0.0
0.00627133 0.0
0.00986632 0.0
0.00446881 0.0
0.00783114 0.0
0.00631089 0.0
0.00600683 0.0
0.00700127 0.0
0.00579136 0.0
0.00499138 0.0
0.00889574 0.0
0.00380887 0.0
0.00547780 0.0
0.00854866 0.0
0.00956887 0.0
0.00337473 0.0
0.00345723 0.0
0.00557376 0.0
0.00627237 0.0
0.00254559 0.0
0.00935832 0.0
0.00372362 0.0
0.00417516 0.0
0.00636093 0.0
0.00931822 0.0
0.00257525 0.0
0.00720328 0.0
0.00446077 0.0
0.00631679 0.0
0.00391128 0.0
0.00848095 0.0
0.00763106 0.0
0.00818262 0.0
0.00834726 0.0
0.00209987 0.0
0.00601375 0.0
0.00465816 0.0
0.00610670 0.0
0.00301503 0.0
0.00844952 0.0
0.00909808 0.0
0.00991076 0.0
0.00225839 0.0
0.00457589 0.0
0.00845942 0.0
0.00982725 0.0
0.00595062 0.0
0.00991665 0.0
0.00540101 0.0
0.00222299 0.0
0.00246224 0.0
0.00475933 0.0
0.00394661 0.0
0.00463740 0.0
0.00912026 0.0
0.00326482 0.0
0.00521265 0.0
0.00632354 0.0
0.00572559 0.0
0.00952944 0.0
0.00823483 0.0
0.00420654 0.0
0.00716050 0.0
0.00641744 0.0
0.00255380 0.0
0.00726037 0.0
0.00243120 0.0
0.00521196 0.0
0.00336707 0.0
0.00344622 0.0
0.00366148 0.0
0.00246516 0.0
0.00335699 0.0
0.00391986 0.0
0.00504104 0.0
0.00981641 0.0
0.00374712 0.0
0.00899166 0.0
0.00973306 0.0
0.00714812 0.0
0.00921465 0.0
0.00219530 0.0
0.00990745 0.0
0.00316125 0.0
0.00483270 0.0
0.00902771 0.0
0.00442608 0.0
0.00804535 0.0
0.00535125 0.0
0.00815167 0.0
0.00757479 0.0
0.00358608 0.0
0.00235821 0.0
0.00473528 0.0
0.00800352 0.0
0.00291201 0.0
0.00999566 0.0
0.00843472 0.0
0.00612398 0.0
0.00336273 0.0
0.00988094 0.0
0.00778545 0.0
0.00382788 0.0
0.00323793 0.0
0.00970532 0.0
0.00686893 0.0
0.00305434 0.0
0.00345243 0.0
0.00586059 0.0
0.00278740 0.0
0.00860056 0.0
0.00507523 0.0
0.00298270 0.0
0.00850801 0.0
0.00623649 0.0
0.00581540 0.0
0.00753572 0.0
0.00866256 0.0
0.00386074 0.0
0.00288697 0.0
0.00681423 0.0
0.00943553 0.0
0.00447305 0.0
0.00717245 0.0
0.00417081 0.0
0.00247657 0.0
0.00808446 0.0
0.00416647 0.0
0.00891129 0.0
0.00420844 0.0
0.00552920 0.0
0.00879224 0.0
0.00999389 0.0
0.00735708 0.0
0.00203017 0.0
0.00969921 0.0
0.00422601 0.0
0.00308452 0.0
0.00315164 0.0
0.00808660 0.0
0.00387192 0.0
0.00975220 0.0
0.00316183 0.0
0.00485462 0.0
0.00826021 0.0
0.00739832 0.0
0.00867001 0.0
0.00579592 0.0
0.00606088 0.0
0.00253076 0.0
0.00668289 0.0
0.00287512 0.0
0.00996629 0.0
0.00915594 0.0
0.00804756 0.0
0.00413710 0.0
0.00963252 0.0
0.00613202 0.0
0.00630357 0.0
0.00854381 0.0
0.00834046 0.0
0.00983277 0.0
0.00733605 0.0
0.00833435 0.0
0.00718985 0.0
0.00736622 0.0
0.00803356 0.0
0.00941586 0.0
0.00845074 0.0
0.00918520 0.0
0.00750246 0.0
0.00232266 0.0
0.00893740 0.0
0.00866429 0.0
