200
0.00641156 0.0
0.00319590 0.0
0.00662677 0.0
0.00207897 0.0
0.00596518 0.0
0.00301455 0.0
0.00988113 0.0
0.00550435 0.0
0.00780024 0.0
0.00587058 0.0
0.00478902 0.0
0.00827154 0.0
0.00730458 0.0
0.00723449 0.0
0.00284515 0.0
0.00594838 0.0
0.00355869 0.0
0.00591459 0.0
0.00240792 0.0
0.00991590 0.0
0.00786654 0.0
0.00528134 0.0
0.00700113 0.0
0.00291283 0.0
0.00693802 0.0
0.00287562 0.0
0.00747566 0.0
0.00754587 0.0
0.00353488 0.0
0.00963839 0.0
0.00410972 0.0
0.00794644 0.0
0.00283429 0.0
0.00873649 0.0
0.00802541 0.0
0.00679947 0.0
0.00975105 0.0
0.00790654 0.0
0.00230382 0.0
0.00755129 0.0
0.00377712 0.0
0.00509284 0.0
0.00582282 0.0
0.00908170 0.0
0.00232734 0.0
0.00666797 0.0
0.00503008 0.0
0.00388603 0.0
0.00258256 0.0
0.00543800 0.0
0.00380193 0.0
0.00844910 0.0
0.00871933 0.0
0.00880306 0.0
0.00936193 0.0
0.00565735 0.0
0.00967867 0.0
0.00683759 0.0
0.00320322 0.0
0.00321355 0.0
0.00647598 0.0
0.00531295 0.0
0.00915999 0.0
0.00731027 0.0
0.00404944 0.0
0.00718541 0.0
0.00410974 0.0
0.00380049 0.0
0.00509195 0.0
0.00441356 0.0
0.00935178 0.0
0.00686907 0.0
0.00750640 0.0
0.00517460 0.0
0.00595077 0.0
0.00783374 0.0
0.00984257 0.0
0.00898085 0.0
0.00971977 0.0
0.00242513 0.0
0.00441884 0.0
0.00352170 0.0
0.00887422 0.0
0.00313818 0.0
0.00232476 0.0
0.00823616 0.0
0.00679553 0.0
0.00200343 0.0
0.00507375 0.0
0.00799876 0.0
0.00321698 0.0
0.00954973 0.0
0.00331170 0.0
0.00237697 0.0
0.00686000 0.0
0.00536114 0.0
0.00756238 0.0
0.00896974 0.0
0.00716163 0.0
0.00265432 0.0
0.00338330 0.0
0.00651341 0.0
0.00752339 0.0
0.00888971 0.0
0.00968800 0.0
0.00347416 0.0
0.00672345 0.0
0.00953057 0.0
0.00245501 0.0
0.00644322 0.0
0.00995570 0.0
0.00487385 0.0
0.00796492 0.0
0.00882993 0.0
0.00601203 0.0
0.00828967 0.0
0.00706608 0.0
0.00280756 0.0
0.00829310 0.0
0.00213983 0.0
0.00880632 0.0
0.00951008 0.0
0.00968956 0.0
0.00211802 0.0
0.00988705 0.0
0.00654956 0.0
0.00547916 0.0
0.00744943 0.0
0.00551930 0.0
0.00264079 0.0
0.00810376 0.0
0.00690260 0.0
0.00715420 0.0
0.00562715 0.0
0.00579231 0.0
0.00684220 0.0
0.00710131 0.0
0.00251575 0.0
0.00637278 0.0
0.00755632 0.0
0.00695897 0.0
0.00632848 0.0
0.00243017 0.0
0.00492389 0.0
0.00515840 0.0
0.00644220 0.0
0.00321356 0.0
0.00222448 0.0
0.00724976 0.0
0.00950666 0.0
0.00236431 0.0
0.00605608 0.0
0.00901674 0.0
0.00205386 0.0
0.00617410 0.0
0.00890379 0.0
0.00660342 0.0
0.00965326 0.0
0.00635323 0.0
0.00212272 0.0
0.00229405 0.0
0.00445699 0.0
0.00702532 0.0
0.00744825 0.0
0.00808413 0.0
0.00281763 0.0
0.00429045 0.0
0.00518544 0.0
0.00333338 0.0
0.00866322 0.0
0.00274176 0.0
0.00829235 0.0
0.00499170 0.0
0.00317193 0.0
0.00321624 0.0
0.00815010 0.0
0.00761412 0.0
0.00442980 0.0
0.00837458 0.0
0.00486388 0.0
0.00393646 0.0
0.00873889 0.0
0.00891996 0.0
0.00295320 0.0
0.00879276 0.0
0.00509406 0.0
0.00985699 0.0
0.00539618 0.0
0.00474732 0.0
0.00621022 0.0
0.00551890 0.0
0.00504137 0.0
0.00866720 0.0
0.00254422 0.0
0.00248962 0.0
0.00675134 0.0
0.00336185 0.0
0.00478007 0.0
0.00993678 0.0
0.00469523 0.0
