200
0.00689366 0.0
0.00290058 0.0
0.00792358 0.0
0.00345177 0.0
0.00295010 0.0
0.00201517 0.0
0.00811727 0.0
0.00496513 0.0
0.00685518 0.0
0.00472626 0.0
0.00217275 0.0
0.00253851 0.0
0.00598948 0.0
0.00359430 0.0
0.00218343 0.0
0.00812067 0.0
0.00896771 0.0
0.00741520 0.0
0.00487630 0.0
0.00949804 0.0
0.00210483 0.0
0.00440748 0.0
0.00259919 0.0
0.00772886 0.0
0.00954544 0.0
0.00640132 0.0
0.00910283 0.0
0.00848140 0.0
0.00775808 0.0
0.00378966 0.0
0.00865249 0.0
0.00465174 0.0
0.00469023 0.0
0.00657608 0.0
0.00610351 0.0
0.00564034 0.0
0.00659124 0.0
0.00422078 0.0
0.00860546 0.0
0.00344643 0.0
0.00694704 0.0
0.00877821 0.0
0.00398494 0.0
0.00293652 0.0
0.00237251 0.0
0.00416837 0.0
0.00905719 0.0
0.00934023 0.0
0.00958356 0.0
0.00393349 0.0
0.00883826 0.0
0.00968839 0.0
0.00634097 0.0
0.00943746 0.0
0.00741725 0.0
0.00588641 0.0
0.00583878 0.0
0.00652008 0.0
0.00436781 0.0
0.00359685 0.0
0.00830974 0.0
0.00302030 0.0
0.00624859 0.0
0.00299997 0.0
0.00759638 0.0
0.00235211 0.0
0.00664031 0.0
0.00418762 0.0
0.00457289 0.0
0.00524577 0.0
0.00563405 0.0
0.00951993 0.0
0.00402399 0.0
0.00761898 0.0
0.00245644 0.0
0.00439650 0.0
0.00978735 0.0
0.00951363 0.0
0.00373673 0.0
0.00937091 0.0
0.00344712 0.0
0.00257499 0.0
0.00905931 0.0
0.00778809 0.0
0.00201245 0.0
0.00647655 0.0
0.00367450 0.0
0.00585123 0.0
0.00299663 0.0
0.00604230 0.0
0.00744808 0.0
0.00930637 0.0
0.00706260 0.0
0.00369668 0.0
0.00230634 0.0
0.00465898 0.0
0.00404878 0.0
0.00694665 0.0
0.00684660 0.0
0.00662167 0.0
0.00219242 0.0
0.00248065 0.0
0.00614159 0.0
0.00421641 0.0
0.00809963 0.0
0.00659804 0.0
0.00661291 0.0
0.00788698 0.0
0.00611166 0.0
0.00834963 0.0
0.00725790 0.0
0.00755878 0.0
0.00892462 0.0
0.00631720 0.0
0.00534687 0.0
0.00893707 0.0
0.00279376 0.0
0.00702137 0.0
0.00478830 0.0
0.00379039 0.0
0.00306367 0.0
0.00223638 0.0
0.00309676 0.0
0.00812627 0.0
0.00393306 0.0
0.00340310 0.0
0.00278525 0.0
0.00598184 0.0
0.00834975 0.0
0.00763186 0.0
0.00260351 0.0
0.00854217 0.0
0.00811250 0.0
0.00674511 0.0
0.00275858 0.0
0.00621213 0.0
0.00334314 0.0
0.00737148 0.0
0.00409912 0.0
0.00745480 0.0
0.00572112 0.0
0.00935701 0.0
0.00501358 0.0
0.00464574 0.0
0.00567421 0.0
0.00836045 0.0
0.00358281 0.0
0.00646797 0.0
0.00538182 0.0
0.00637112 0.0
0.00825836 0.0
0.00644549 0.0
0.00660750 0.0
0.00935512 0.0
0.00457176 0.0
0.00854056 0.0
0.00275822 0.0
0.00535701 0.0
0.00452240 0.0
0.00910796 0.0
0.00298887 0.0
0.00512592 0.0
0.00765013 0.0
0.00910137 0.0
0.00987102 0.0
0.00840871 0.0
0.00531351 0.0
0.00321416 0.0
0.00578019 0.0
0.00741262 0.0
0.00866897 0.0
0.00950131 0.0
0.00676964 0.0
0.00368255 0.0
0.00414705 0.0
0.00244385 0.0
0.00204300 0.0
0.00572986 0.0
0.00691182 0.0
0.00542482 0.0
0.00210098 0.0
0.00517018 0.0
0.00987031 0.0
0.00670848 0.0
0.00452529 0.0
0.00444207 0.0
0.00524904 0.0
0.00528351 0.0
0.00779908 0.0
0.00777144 0.0
0.00439147 0.0
0.00878795 0.0
0.00289736 0.0
0.00204161 0.0
0.00788932 0.0
0.00276838 0.0
0.00845031 0.0
0.00320283 0.0
0.00398254 0.0
0.00423050 0.0
