200
0.00990318 0.0
0.00475114 0.0
0.00532344 0.0
0.00330224 0.0
0.00901734 0.0
0.00948735 0.0
0.00295374 0.0
0.00609986 0.0
0.00201264 0.0
0.00561503 0.0
0.00354722 0.0
0.00406577 0.0
0.00852266 0.0
0.00206606 0.0
0.00869816 0.0
0.00971451 0.0
0.00424807 0.0
0.00560933 0.0
0.00716489 0.0
0.00778088 0.0
0.00896482 0.0
0.00316547 0.0
0.00472196 0.0
0.00891442 0.0
0.00745578 0.0
0.00203706 0.0
0.00950952 0.0
0.00548233 0.0
0.00610104 0.0
0.00236546 0.0
0.00884636 0.0
0.00600422 0.0
0.00511661 0.0
0.00416979 0.0
0.00730646 0.0
0.00413395 0.0
0.00365714 0.0
0.00826020 0.0
0.00823381 0.0
0.00366978 0.0
0.00387523 0.0
0.00978103 0.0
0.00573555 0.0
0.00239789 0.0
0.00984710 0.0
0.00443371 0.0
0.00211240 0.0
0.00409516 0.0
0.00804305 0.0
0.00727730 0.0
0.00987604 0.0
0.00700787 0.0
0.00844276 0.0
0.00459800 0.0
0.00592229 0.0
0.00589854 0.0
0.00463506 0.0
0.00543181 0.0
0.00938088 0.0
0.00873611 0.0
0.00579727 0.0
0.00822723 0.0
0.00474033 0.0
0.00891388 0.0
0.00239703 0.0
0.00204679 0.0
0.00304783 0.0
0.00405417 0.0
0.00830699 0.0
0.00928164 0.0
0.00572394 0.0
0.00218221 0.0
0.00906267 0.0
0.00945950 0.0
0.00258011 0.0
0.00890977 0.0
0.00389321 0.0
0.00269251 0.0
0.00300493 0.0
0.00993626 0.0
0.00796980 0.0
0.00288097 0.0
0.00694413 0.0
0.00641257 0.0
0.00547897 0.0
0.00286642 0.0
0.00231111 0.0
0.00811403 0.0
0.00629823 0.0
0.00969199 0.0
0.00685013 0.0
0.00209551 0.0
0.00791922 0.0
0.00959046 0.0
0.00900939 0.0
0.00831625 0.0
0.00963725 0.0
0.00205722 0.0
0.00237042 0.0
0.00794423 0.0
0.00933886 0.0
0.00609436 0.0
0.00812644 0.0
0.00840153 0.0
0.00555386 0.0
0.00870655 0.0
0.00731130 0.0
0.00744707 0.0
0.00939906 0.0
0.00831623 0.0
0.00738333 0.0
0.00736886 0.0
0.00919720 0.0
0.00432746 0.0
0.00378143 0.0
0.00467617 0.0
0.00519389 0.0
0.00409254 0.0
0.00279020 0.0
0.00949212 0.0
0.00378453 0.0
0.00764033 0.0
0.00958763 0.0
0.00970375 0.0
0.00723079 0.0
0.00859702 0.0
0.00802000 0.0
0.00686804 0.0
0.00865424 0.0
0.00839042 0.0
0.00481227 0.0
0.00799310 0.0
0.00448478 0.0
0.00293871 0.0
0.00639463 0.0
0.00803864 0.0
0.00964526 0.0
0.00370593 0.0
0.00548571 0.0
0.00904432 0.0
0.00202217 0.0
0.00286904 0.0
0.00641319 0.0
0.00921937 0.0
0.00519651 0.0
0.00819461 0.0
0.00389554 0.0
0.00839039 0.0
0.00228716 0.0
0.00468574 0.0
0.00788251 0.0
0.00407169 0.0
0.00232607 0.0
0.00747014 0.0
0.00377544 0.0
0.00755686 0.0
0.00606716 0.0
0.00979544 0.0
0.00442490 0.0
0.00472140 0.0
0.00818586 0.0
0.00723717 0.0
0.00271449 0.0
0.00267064 0.0
0.00817589 0.0
0.00710912 0.0
0.00870928 0.0
0.00782115 0.0
0.00881506 0.0
0.00419499 0.0
0.00686547 0.0
0.00883722 0.0
0.00506403 0.0
0.00327866 0.0
0.00805659 0.0
0.00826054 0.0
0.00947327 0.0
0.00995213 0.0
0.00665093 0.0
0.00976043 0.0
0.00463787 0.0
0.00453345 0.0
0.00383212 0.0
0.00496394 0.0
0.00200359 0.0
0.00560755 0.0
0.00252080 0.0
0.00607075 0.0
0.00540299 0.0
0.00494570 0.0
0.00879215 0.0
0.00358885 0.0
0.00218288 0.0
0.00950664 0.0
0.00425949 0.0
0.00835877 0.0
0.00661576 0.0
0.00296877 0.0
0.00617992 0.0
0.00543082 0.0
